854.4183766500032
-275.26460689260807
458.3336710629899
-708.9817511198879
926.759019441728
-63.47343069229282
-475.0238015389308
48.650403752496004
775.9664391814401
514.4719140933057
-949.4363292062453
-915.0161362321456
-618.0644559085049
-838.3562736060438
-355.589736307488
-477.3565899658039
419.0543106215014
25.429976667444862
-33.444568896746205
-27.939168207682883
-670.4358935568359
-414.9361591877449
-260.6663283140582
-15.67186083233537
-118.32296734423562
557.7139432430881
445.07088215305976
994.290718922202
62.73998567737461
-574.9786445858431
-680.8271625718909
385.9679803704362
496.03427714563486
292.57661267114844
-585.4652509397724
888.8920435633249
607.5779923813034
-426.87601355731374
-752.8891018744115
-165.0979824611021
356.4648279525315
-264.4693169060122
990.9207237901469
-812.9080616785311
572.4875305231201
702.0019762858615
-991.630714804955
797.8376955588351
-418.2169822692397
950.4026591939985
-514.0939189667056
613.6461438628321
496.9712938165685
-756.4632485750956
613.6772639543954
-508.25989131605587
-62.45006034753419
-406.7983897987015
890.886989827716
-91.19180965581506
853.3690539782917
255.24634627243222
634.8346103119472
-420.96026204788143
675.9012278826351
-909.0154596948931
581.6147267207832
-290.26125547986226
-115.95811762498022
550.2879276453564
-840.5166053788917
240.16095319937614
-348.70918143036295
530.2714920218433
-47.7162428712021
-142.62247077709958
-39.466117440521316
88.88175069449468
268.00220051219935
-459.55243510640264
59.38340644562504
724.7840613916262
-609.2280853110509
725.9978330404601
-813.8081076298598
992.5631504664684
-702.9888924709038
-94.21889117053652
149.1712364439054
-690.6415183406937
704.3570524149478
607.7831880122684
308.20991945518404
607.9353969292135
-588.1711769027713
-712.3793311142783
-907.3540432309279
684.0100711306363
2.0716318043487263
-556.9283139128016
-851.9150516328726
-19.609018988130174
-374.92950289415126
-714.7118787196724
713.9433867555933
-178.1074097340907
532.0865114318299
-318.70637050298353
715.3617305177747
-508.1197489874276
-215.63479597695266
728.7392322729856
445.40076702137367
710.5471332576092
439.8068727462178
-295.1703185074905
194.18252543486938
49.539069134378224
-451.25516011153377
786.3215540222888
463.3709753724665
-462.46788566096325
323.92334647646567
-390.12544546746653
-623.6123762480629
-587.4348120611046
35.79679615512532
823.0587223471014
574.8120970245213
-355.83770282240357
645.8730774170572
-66.5674134710057
-107.3246490968753
204.3922248279665
-78.1701590284631
-667.8838008961105
-699.888843738236
185.96601337732886
42.970207552472175
388.30201695091387
928.6362960895858
-163.1218788511244
-78.54173392079429
123.20422784814127
556.7590649183849
-295.66251067383337
-213.38474006165802
93.72303413800955
402.91116452440997
477.18903971603754
771.7491459489343
-98.16818783005044
-565.6302223256262
-654.3025704070519
331.7227651943678
-1.733011092646393
682.4651027107093
559.0936593650226
314.18481807718354
-780.270057551199
136.6643156045477
-443.13492424918513
-331.1342615570021
-9.183257685515287
-607.413196739866
202.00844867501996
821.9018293496767
702.2035952574544
-185.40466705094263
-141.5264623485932
785.0221037009383
-642.7276658118955
965.7400075207373
-203.46488489057685
580.2102903784587
843.1814405563284
766.6776979681172
-367.78572191550165
-583.1878597652992
406.27025621280336
-326.38013279377515
277.9425007495254
-712.1186370208825
105.93785786704802
-653.6322234579142
483.6815289350686
-182.18278824063725
-166.40712850047532
741.4042866257894
-544.0371724381819
-773.528439997793
-507.5187597164859
548.9362753438786
-59.67970404998084
848.88454176257
294.28975485321985
-460.5891700536678
259.90749683560466
-794.1045406452727
900.1389467523352
-151.73998958715367
-920.4715085057946
0.015821133599615678
641.8605276323817
287.04626128396103
-985.5796995928164
581.7505732351801
572.967626888877
911.7252870985633
855.1578087199741
791.9955875289796
-618.215432230083
-113.13776687621237
-121.12364516319451
-242.21867829260896
-299.07462474926547
391.7549186412457
-471.2268706667668
744.479308630337
-887.8923393233296
-965.5774547702016
980.2044545386107
-120.87792361461959
787.0878588981072
429.52676272458575
664.2520795436992
-429.9825912647823
977.5055812459286
351.49255773666346
465.6150881308716
797.8361716270887
-951.6577400956985
-673.5938192555479
-713.8473483034668
-914.07508213653
-32.834099854075475
156.58883281517387
-211.49489664998748
486.6643526013024
-975.2575266333237
358.64995929321253
967.8732943573184
926.8228955715158
805.5378682737007
-472.73614388106284
778.6340580282056
-298.0605285955984
827.1554123874868
-620.8832570257557
-738.5147361140831
41.039558705212585
996.1094202703935
819.3163742907911
-318.43761216476787
205.731674448361
149.77898925808873
-840.9900367531604
393.42103876584906
-344.38565617476206
-34.08190140586066
659.2168218092331
992.0859572406223
-410.0978764264547
315.4893839781529
-350.12517092730445
819.9121655888224
715.9072253882644
-386.4760310744457
-160.27192970336193
668.6176002971843
-544.8633740975331
541.9680177759092
212.66406934157135
-549.5345422631251
753.2181520811079
989.8481864799708
-481.80061221846256
-266.77295454359444
-992.9118451780355
-787.880399823426
-647.7285988830881
-948.6200029774394
-753.5243335439967
-836.812004429747
-217.41297928491554
319.598733529976
-824.7325779452448
-336.1325665378199
-396.56503888931275
599.1649447585401
-971.1146002679772
-768.8517911830982
70.06142513029545
-272.7716024756508
-720.3654237980912
-941.8727009070222
-121.55658245532129
-973.6030368692539
125.97948416977738
808.2772561593006
44.417171825770765
-650.6228107883061
675.3094366553989
804.4851736280359
68.58750821970898
287.5970375872945
777.1395194167765
472.31134530495774
-636.3238106929991
-253.2956848472612
-506.8833696743241
860.3738095390727
295.0839735447528
-504.79730987337643
751.6364995937406
-14.060328558673975
922.8352129530499
-901.6719208660484
-618.0424752993674
-16.858750877034367
972.2659597426293
850.5682162960215
-230.76980985805994
263.696824073754
-7.914691000674452
-825.5603123620816
-925.1434031129963
661.543221320547
-927.5638085081595
-738.1307180105316
432.8106529903339
321.2712048390117
-400.76113320030754
-662.2920557227384
-861.1295784225899
878.2774363720632
828.7145212402474
446.573363079963
-180.12723828555943
-874.3161150963713
124.32649271531159
-343.6796048851128
-563.6912124389828
843.2747015531049
793.6394589359463
470.30208710925626
-845.3691359816196
230.69371760197487
-657.8333898071121
402.3364057631031
-265.01742564009817
-546.3050713943809
669.7071328864113
-439.62562340239697
-212.221989536002
146.99548122258852
-512.4339164371488
344.9800783875289
888.2221869898556
-523.1742576674317
-118.56744196542411
-566.5408168717659
-565.2672300866367
-701.785250114495
-543.2847743428961
-335.76095222944355
-596.9587879405769
-505.0656242382723
367.4907848922885
272.99061398082904
796.5895291348022
-690.2784969754123
540.534283305614
-556.7328681248296
-687.8491360717408
895.7226133939894
-719.6366210355129
176.3136437890173
530.2774190209943
-736.3298923567422
740.3902910200152
-517.0328427016309
-316.4150562269092
-597.9709574414886
-529.8849095002312
-980.1252112344871
-994.0048848327157
824.6413064900196
-315.57259261917307
-198.71840155083078
-771.8347185996806
-303.56111102700777
-244.64265513926262
-192.60622403996314
-23.50599080407892
578.8222526884394
-817.6014972347103
-156.7328625744857
-470.92661146920454
-450.7084016874043
-562.3633460277792
-81.0016356317657
653.1981108114906
698.0496595868897
933.3012713880053
-109.70063823355054
442.33124750731326
925.0543798000565
433.72901909587347
326.97732795963475
376.8125970407975
-200.72212720606893
574.5118043842162
-642.6954205592443
538.510675745779
111.1727747064124
689.3792602823668
-20.606600023536544
-106.03124831195782
409.1129505214951
-135.6443124136399
649.3819306043902
870.6481370954002
481.97904919006913
877.109373798095
306.0059837755912
-122.06962197780388
282.78416481851104
-120.60033138061567
-817.6665919183413
957.0580774427062
-188.59019488733236
342.54368772983753
-782.0945075940222
-538.7234314630953
145.66038635247787
522.7024762661345
-533.1330276763113
-579.1303293852189
-418.0478582567231
348.0974849465829
794.9431167714083
290.5292063182967
63.00124437797081
-234.96015984187113
-703.9504697380088
-998.1625699994177
-212.02713295433728
-871.3825652431121
-85.23031009489569
806.7346116513156
135.04688797833614
-812.8482174218128
311.674857633594
944.1046866697859
-279.78032269465825
611.3897376194805
985.1867109798898
422.5732687198497
48.15658769734546
-896.7119962719195
150.94692273120813
-421.3136914907154
-779.4531397707697
-989.1757614281715
-244.5128180411161
644.1927169338321
207.2494048545958
-313.02768516506086
-593.2618904636345
-78.59486046685923
-669.6502532651408
-688.5138957269885
265.68965073179487
-66.26133688621861
-965.4408780431171
-276.40068261151305
-422.69536901588793
702.4858967547304
-700.387712391243
716.3388370583358
112.68050715883453
-821.2671968678802
-162.93720323925126
681.1473832963849
945.4496181036548
828.741505934756
191.00756494979456
-439.48444504223556
-980.6313601073895
807.1636277712397
-420.25685744625
870.6079401504549
-169.0450716698732
-992.8630570302539
-487.3933159005009
278.5843967559758
-794.1421828058177
-424.7269100192831
-737.3576475246034
-632.9507633806628
-538.4958373860117
241.96918354140416
644.0076760904633
-823.3659673138545
563.585595700302
-753.5706839116966
995.7111467124719
642.0035518138407
-816.8147173891736
-567.7388116203355
-557.0631723740385
598.3279560175924
-636.142914564383
999.8270292690066
-597.8511807025958
-526.0688199790927
-973.8490405958975
-729.7922482493844
-307.0236239899982
-465.03432075278704
-703.1820965778078
420.8562447912167
-388.42292137953365
-805.7075704791606
890.100968088232
-694.7640633724499
802.5006414204539
-158.66952695202576
-746.8755221738043
-164.6943424017038
-177.97842339536834
-658.634239869451
-559.635667918678
-647.1299017262971
-747.6609001152898
986.3914976700585
-323.40705576173633
395.35682258714024
446.9263906579027
426.7870358790907
-922.8095985992459
304.88843965415265
-140.98277836826588
397.2340568261386
93.1320580281337
826.1407716701465
-872.8618563907158
86.81491662422857
-320.0743213764037
777.3524398017281
-217.84298019791686
-351.0551090429788
589.6153052391355
453.67834029638647
-527.9450610140069
318.83152830801595
-199.27297814187165
-199.55290743258573
-772.5421106791592
915.7996482738031
-208.02256125366924
911.1394095221146
-178.6320565873897
299.5216291806812
450.51225135054136
-837.6152552100144
155.6159606623415
205.86078623883643
76.72089361501624
-627.4419796011891
-18.089023323493574
-482.9035181946287
-990.0205980559955
-756.1285660636511
-751.5294812747622
-27.902284420785996
-855.7256961083367
217.13239576549137
352.79301884770354
835.8461596754211
-285.2604647203028
761.3000852527763
-257.57276342406493
-629.6156079483148
525.7892840065078
471.39526279425746
-693.5699178261774
-413.17764622797614
795.797854735738
737.4577034392067
-914.1732183572461
-122.16604067839523
-364.3467288881764
-708.6245382153771
-9.40108322621181
-351.4762496539305
-736.8810719378074
-759.6428874128545
860.3744858971396
3.456687613452642
707.3021086358646
-264.8741173434516
438.07960644644356
-401.76016332250305
-128.86446857924795
-587.6272979232884
405.31134077859565
-346.8130439906961
249.29633177260393
-188.32694378967813
675.0995135391963
538.348667223731
-78.5569435318984
982.5371284166348
-152.6865596541752
-380.12989063266446
157.1599264528217
503.9428879086964
-973.3288246236148
295.6161226896145
-133.98848789758242
-880.3299029045601
-890.3176662563806
119.6300481773302
875.9275662545319
914.0617337191921
-557.0167345270806
-319.69386571923224
434.72164961123633
350.1568346386405
323.92008219988907
152.3598138147508
330.29098086980616
-71.00994111487341
-167.4426574363447
650.3340458075455
-86.30605072377287
565.8085159015767
-906.6208718890318
259.96721215220407
-429.5162884605331
968.3450130269831
-201.65575182953108
616.1954134036517
-802.5717137643413
-276.1468377165106
834.8987174091113
-922.8504064048448
138.66646846670034
-680.4586352779514
11.851936659630713
599.3860296634911
-716.0713080201567
576.7739625540156
290.25936453903137
640.2523158399435
-924.200173250666
846.7160206112635
231.29239834274517
-779.689651216221
-384.07535975755366
-536.7190558013009
116.01450422065231
-758.3570153066687
148.22426334885304
213.4322246929854
785.1131851216251
59.88500221075062
76.86141981765593
-785.3900691128342
-115.52572803006433
-868.534186080076
-281.7113489207785
-642.1607379312826
-182.56327394795562
36.77673998029393
-902.7375814019024
394.14017908773377
74.71359431560806
291.60607149269543
-425.00078461030745
911.652912935505
693.0361310663492
-692.3417455420686
525.3724266195261
916.0714407576708
-77.5167671689212
-778.2711340162622
-602.1121994580351
-272.5519460657481
-262.7173675016363
-668.5766315599229
-646.9075416234764
-229.03671192092764
-665.1771983512257
240.07395985174352
-192.6732974729197
469.9784130594812
398.8862926615719
-410.26073981053935
-268.87224113450566
378.3705632101501
814.6522918744995
839.7823381606147
-274.7608212721093
-608.6730545526442
905.6109134472042
394.2545774253809
-352.2227458241313
-830.7382912062988
-496.4843508474892
-716.3051661144555
-884.2957740301662
-102.05349272812188
832.7200229391441
239.15534603407355
-327.8724685814652
-297.95463349689334
-383.20797743280133
-469.205597901607
685.5131547285556
-561.0810598417949
-715.2886511458668
-25.449117140176927
-773.2990822497586
26.646738481444675
-942.0608979319112
-673.2369976079765
393.14691125824106
927.4147288503128
487.0573804544458
-16.309064186817782
-917.2354017726964
-902.6636645393025
226.72841493530586
992.0439510642732
655.6054967030948
859.6978347020902
-135.2683813342294
-953.5292564208901
994.755767874692
-236.22308431043012
-393.1323133928051
-799.7273949898241
107.65869900282269
770.679153277981
-966.0474396503881
-429.84733876170947
-112.74936005061952
486.80265961595234
-875.380309076711
-211.3284959466032
-178.86076133896017
-465.35744260434666
806.6076309010998
430.8637779417818
-303.7284712031863
-976.5923240306297
-919.7099623119194
675.3840099821862
931.6515926484465
863.9347886425704
382.0943766251747
834.8354314181483
810.2079167717018
967.114032645554
-319.55133171787645
364.30295725472337
-938.6948460343264
-282.93218241375615
-210.39587308095105
62.66645481482836
388.9370451206472
21.81853366240448
-27.036198869786976
-74.93011280406803
84.81160524768107
988.3844758116113
-51.03899276104596
-494.7546585087706
-952.6624055614974
-88.7730519108887
610.3290545221363
615.7061187941471
-713.811590537304
-463.321941603619
-37.78795945269155
659.625036498409
-696.2020385816153
-358.761689656749
411.6514486600516
464.61865469970235
-797.2715093942091
672.3474981028487
658.251286622281
751.9946337999321
-145.36478189422272
546.6913934674361
785.9789438925718
645.168862887314
938.0462397169614
-177.7936345969318
201.0685612488776
-479.4747354223597
-60.99156058476035
940.9007553625495
-617.0286599136863
617.2527727629312
-496.4211107384363
525.3910664666985
272.1623821652574
960.8002084051334
338.5544413164278
735.003710328677
330.5094785321189
-989.5385381984923
-111.66216029981057
16.44327295243874
494.7550081789269
-670.8073738021393
-270.45079811833847
542.2807517206066
-123.41335446639609
-566.7234928935869
-646.22030555376
207.1093949968442
547.4820406224449
474.9454200939505
-864.5265038588797
797.503170712732
866.4822885446422
288.29206956271514
-185.90412315075932
589.4365857143487
-354.9097478659465
-788.7948754021621
221.07084120250838
642.4983455303029
391.3339042448786
39.4434974855016
938.6195467629856
370.03228302467846
-349.4392061373459
445.86535406157697
894.9413990706657
-825.1153461169307
-286.8853621180543
-596.9961946626375
891.8091129356593
-157.6986766145014
-576.2543045156165
-427.83653688782624
-240.15593212781107
342.177333560089
-871.5823411707753
-777.9895818279336
-915.7255218043033
504.4304890411893
141.62375734801412
257.30785301298977
703.2263592588772
300.00869746326373
-204.57482192608828
-196.1569924954581
505.0564459450429
-793.0743055944804
247.67613888171576
-393.133853234417
426.898911089557
-323.79564909214145
583.9329387910203
671.1581030459827
240.67319243480696
-487.37541021523583
124.27639349964275
946.3341138141024
136.9302092336829
-429.88198907679117
-246.8969772349841
-273.3428913368429
468.0734190778118
810.1917890227071
291.817414771813
634.0380570533822
377.8432579294312
-551.2494987240182
517.7999613640296
663.5596108976151
341.2438929680468
-566.3028934993906
-181.4662921668561
86.92817322467529
477.94050296014484
167.11796378372523
-168.30888355773556
158.2827834192151
-423.33815623584684
-348.8204052586797
-917.7303195171935
583.8329137889077
238.5154253490495
696.4627581256773
275.47514488257593
635.9349602621663
-186.60203242784814
-500.0170038336405
548.1817089232617
442.9030668700864
162.27593661933702
-601.4367755834428
877.3416834699826
-185.4106526451812
753.3961564468711
862.3079876429526
483.96347738455864
-552.9759782694382
347.82194282176346
-34.31390486201711
219.7754840599554
973.4463351702269
628.3896706383002
614.5255538276215
750.4832607389186
-600.0993864843459
255.367512343885
-614.6084731407542
274.28692453210203
924.9759593110753
881.730105143907
732.6553605037184
728.0393127813161
-910.4920115410981
37.7028566506342
-548.0327253100479
875.243365928984
-740.6060984694957
-158.72767479013498
249.4548798635117
488.1500726083602
-832.7819188866698
59.690732473708294
610.7389641862279
-475.74882736008976
-876.7478257667719
550.2173931151468
-456.3323595332685
115.62201559360258
921.0340534971642
144.5643534631435
-803.278716733736
917.5760344843495
-319.08178758788085
133.8606257287836
282.147620079533
-425.4757804179743
-523.5697704521383
-24.42278807256548
643.602772220193
-155.5727400344333
106.04266194029742
115.62450968670919
-705.6996372868196
-405.6858117270798
197.59024794092193
68.89306341962674
186.08633320388046
146.29198061154534
528.5853099484729
-238.48129062543808
-814.3471003985971
798.8108180889301
51.651828630396096
753.4368599990061
975.835657391927
502.60739351119423
-955.0548038605964
-99.9100104864192
-805.8815353080846
-973.4565045771154
127.06231031375478
617.3924698607244
303.1674597647734
-190.51522557071655
-588.0899385221655
-946.450318058278
-869.9860316702146
625.1912910696383
-123.17778895744345
-341.10706058200503
751.2636882471537
625.2816981822871
-268.1418922613659
629.2472505805113
378.04963282950416
-689.563675693405
-620.1497791266083
-795.2615480989
-321.8001231756964
528.0130192526905
382.5566673562673
254.0242437543476
-506.0777191160335
372.693704668319
651.2699138165516
938.0861313590822
-151.04215763853415
126.90061423642192
730.2550535043977
965.3022507049161
-472.4407244618709
164.47028875272053
-318.8762020879633
215.73620942262824
-633.2262231370707
848.6222201457956
67.32612570267224
-856.5909375217733
408.08651291292676
-948.2952108811795
625.8268583278389
-496.1889832940718
914.8529509071782
64.44412206265815
870.1376984220456
-545.4570126667675
-829.1233303312688
-619.92455629471
-937.2784112233312
260.6055749254094
-589.4827358675034
-603.9831172817562
-140.42768122255507
-857.2187105023274
-888.0122798493779
401.56916366081623
-854.9514881553832
-164.58254716882266
-922.1298260406894
436.9262266492999
812.591805209019
865.4499239196534
-429.662252067603
494.71380200919975
842.7943860072019
-983.1146409342182
-43.49090491099389
996.6923562877512
-933.679533086814
-106.50503217899359
633.6285852539169
117.08258140329737
342.37348617164525
-407.4562591140061
776.8988894623674
-109.38634503850733
-166.05827540874475
-884.265437991605
-243.94928542345997
876.9596636995739
607.8582466257103
-520.8032805484104
363.1200344487986
796.4130187363683
-317.0772350364956
-250.6778549836706
-382.08851673419656
-436.03836577240145
-303.3647906585404
260.74344972086874
-450.15416662373855
190.30333035453
-770.4221227066968
-403.2536551421051
643.0346231934732
151.9586335868703
350.4259393924408
-723.3636560139776
-98.63691064458025
708.1695775362982
-992.2622991988409
599.7589831550695
-36.38668236965729
-212.60746197814888
16.885188715622235
515.1316776012902
795.695979568085
-745.9199559919422
-902.5008784946889
899.9907842376049
491.86127709135553
770.2620947118479
702.3265194789635
605.7184651324383
-115.24575504185748
921.3306875070596
319.75531889586455
-318.04809866837934
209.54960356329707
295.64613411969594
530.064860367858
-48.72801975605127
166.9357358532609
797.5286936803548
-758.0647686449915
25.35616304755922
500.0780645997784
-681.9926824394948
484.6926299526715
-536.4358775945033
-265.1112676446019
-458.7464846353466
-929.8726359773781
397.8406758747399
400.42644857254743
171.08585666516547
-517.7861712354365
826.5675546417201
-863.428754772402
987.7992726823945
-691.8755557691112
-721.4536216341867
-166.26724875906257
452.05736833141054
1.3592812238472334
-738.2881629931841
720.2207182918448
-761.185057172301
665.7712251000644
657.4911598416356
60.788638933893935
-101.80901238822605
721.1979875186366
-730.0291242208192
-794.1051519256371
-522.9751375827414
-333.6127494508188
-229.77033542952438
79.74038860903124
6.994686686865521
-412.1208656008426
100.974930245608
364.79977907384546
-818.3546238616391
416.19996482668716
-871.6726189699577
41.76893133192243
796.3513055812275
-927.9114432992299
57.49732882842886
-685.1077009678968
387.66079892643137
353.6549249968241
248.9532797312684
-175.01832204670302
-681.3267892247317
-455.6761876783339
653.1618858685667
152.17387151744174
107.9436365148631
589.6325966317339
96.35912236021905
-219.58458269519497
-910.3517373272954
730.230711439104
-563.9773400336626
-573.7306696984083
257.42792391552257
-584.8662227839245
166.5061170484271
434.4603541572386
-498.96820582647484
-656.8911996188913
305.9131628364671
-177.77633470129194
-551.4561728432677
138.1549041892757
-372.7183665235159
431.6176291251627
-908.893972898899
713.2942767696181
989.7535136562469
787.2647837429677
-45.67790303797483
-246.99073838626282
-740.5777626673721
775.7764217892934
-107.64875046761153
-257.5576050119653
-685.2564211315026
593.616735770918
671.4677307224861
-160.9349355298724
-156.32321272106955
-841.0436297289509
-159.8963725063993
185.92764270459134
419.5161573176632
-531.9867249244685
-539.915911174953
-731.3767045460474
890.1671702389417
762.1268418624918
-909.1078652268212
143.58105185993622
