-0.6845646775563572
3.0339078292037875
-1.1121285538861803
4.276962319974219
-2.066753886057549
-7.090592627378649
-5.746601724003236
-3.887758867468812
-3.165956240374942
-0.8036260730276139
1.7533095207517102
-1.989680107570982
2.5240749525954476
-0.6866490283512232
0.8206186859329929
1.8711187825237718
2.1943455059798156
-2.117475890534581
0.4653512296799356
1.2951125418677911
-0.5736846350783449
-0.6084382196399578
-0.5147181241509451
-2.6056584053234615
0.6359833379116049
-4.4973448870860535
2.4294355122592575
0.4610081018217902
-2.279370871642084
-1.0576489013727333
-0.7420994004029096
-1.5397832432666267
-0.43701341787085357
1.3430729827753538
-0.40026216497336997
-2.4839925067745128
0.7997078380091565
-0.3406857592542092
1.1508377647455785
-4.340654618788299
1.864586338566089
-3.542225866069055
-3.4495080079280513
1.266274237440044
2.54153363721616
-1.7725482504301304
-3.99131885847917
2.0820299049256654
-3.2595120753220677
0.4834393204178782
2.399005335114374
-0.060682928198089625
-0.7672397015103269
0.30856894569543836
-4.3980629176916
2.4878059243114787
1.9709656141531164
-2.0661646447389774
0.2481035122399029
-2.914136765450452
1.6348218932839742
3.99575164215489
0.09071484354560644
2.732367893563455
1.3779519693995552
1.0079843291602677
-1.3185117983468173
-1.0651713851222357
0.29294784885458536
-4.057646822930552
1.5176453450745957
1.5643682452178795
-5.748217668592472
2.3392449144592202
-2.6416190078097213
-5.467596316306774
-1.654311357829964
0.16344574942164458
-4.562709589402667
-0.49728648184165647
-2.6431271937244727
2.5563554192756466
-3.7948504119537096
-0.6786158655006649
0.9633529162935965
4.678284048477767
0.8423016421094769
3.5922390601814165
-2.515780053274759
0.2554635454701153
-0.5202155775496033
-3.5122436508831236
1.8565197404129428
-0.44607370193892826
0.02366331033610969
-1.2433253130145614
-3.350890623734233
2.763460448370406
3.724998496957076
-2.137513310383655
-3.6972423791195483
-4.127210065223223
-1.625431632934464
4.15214244258396
1.8501669793695312
1.9296178032599662
-0.9694197528643993
-0.308416675852637
-4.710673067914783
0.9054298507872307
-3.708342147043063
-2.3525141228607582
5.863425864567599
-3.0620852286013367
0.7830057176011755
-1.4320507378032603
0.3658369116556883
-3.655587747005938
4.418506218599763
6.651181630848484
3.2704250644770205
1.5994690585370699
-0.8448117163203739
0.9076937254532991
3.2981225448072964
4.797324757478239
2.601004965506113
-0.23150283282838013
-0.6140407955521039
4.428014118683354
4.550166153762766
5.5605640884356635
-1.543748880725674
2.555293203811473
0.06244738815601991
2.536663823475128
-1.4488186671603338
0.23215478742254048
2.1972795084125614
2.202525711596194
-1.7793247132725032
4.098981445050395
4.91974397515063
0.25908209288307216
-0.6187119689183862
-3.7447925822455974
-7.49862308420009
-7.00185588752009
-1.70589539923324
-1.2933857254983399
-1.4028643718847675
-3.628604383977387
5.306385740588752
0.6037269822486131
4.2942883822147575
1.8235535420216915
3.721087491154278
-0.7749534906396001
-1.0813593941985238
1.3000703819221815
0.28962673789418814
5.450186723295397
-5.1957641623725825
2.615685529204237
-5.746671256709941
-3.274794110611858
2.40969304945758
-4.80784340001197
3.416429784933401
-3.3711243839081177
1.9191925540275143
-3.6566938226714294
3.7507601215552757
0.3310334596536695
1.4052894559080424
-1.7711731960826709
-2.115471110318362
3.03119311247471
5.552143027822369
1.6388077651376705
-4.1995276455387796
-3.2870711968170516
2.624981089956426
1.8215453065857836
1.6953192002913446
-1.4862232495082763
4.168966102109719
-5.202970334287358
-2.125042166050505
2.9640115661315365
3.1350625126636182
3.3347778944719737
5.348425195814498
4.231005728227981
-3.055319994126621
-0.24379784304528118
-1.6665168401092592
-3.4206867495948394
0.4955243542255272
-2.7256637153989667
0.8719401280102406
2.621151306504201
1.7704055533223193
-1.5773968119465818
3.402517223436817
-1.2687727499020358
-0.0941289872475195
-1.5525151273285749
-0.3848300699818541
-6.884106530449424
-0.06755918014395546
-2.4907400562390345
3.1289471624594363
0.3929690383589588
0.49404600563769807
3.8299119411236617
1.4892702884734974
-4.614339763669274
4.7516294166577975
-0.28554864712224415
1.876212696826667
2.0999853789951866
0.34775758726016104
-4.002154255805356
-1.2728338916680564
1.2894746522681908
-1.7619901205055752
-1.7531877970596306
-1.2078150654308124
-0.750688197276207
5.382317119800355
0.8140385688348357
-1.2045097933538231
-3.0309859490693922
5.833994462181593
2.538715470096392
-3.7881742547449626
1.0212513074078564
-4.2172795483755685
-2.1900940679935967
2.135840585425499
4.675176994264592
-5.620280258378195
-0.8141535016777086
-0.35918799988153394
-0.8109684760486979
0.7273191001826127
1.7859319948222279
3.595159047327055
1.9129304567979022
-2.623094336404435
1.295321621516242
-2.1490611458774334
2.604814274865841
1.3941252857274589
3.696895378985274
-2.270903334584503
-0.10563026418139887
0.40504066776369596
-3.7421089239098393
-1.69572747009083
6.077186322405813
-1.2170035109920938
4.361835815700054
5.1987158659350845
0.3557336284012611
-3.845449906856519
-2.3421961661755892
3.563802106556773
-4.047741368726472
0.4325090702800851
3.8667136628115877
0.7507995987113532
-0.2029502516528192
4.325100007461774
-1.5771457591098152
-0.45566250404851516
-4.125948100508489
3.607081292092194
-3.939778808379301
1.8947489836640659
1.3572505627833333
2.611862114412685
1.1022630835414338
1.7786060112061637
0.10029377014200236
-0.7436648282822247
3.737704328794314
2.339069928877602
-2.3854682616348777
-0.3052250428481511
1.7172918303317724
-4.580034771048894
5.133439423969441
-5.403437443622462
0.3430023995761673
-5.9596150474533065
3.1158267315081103
-5.25741866123467
1.0141593820028043
-0.8871806816453873
5.102135265145208
3.507896371629176
-2.1711906940128847
0.5302213730948555
1.8784227780353433
-3.346691028842041
-1.7910488176054908
-0.8645735466692519
1.6707494490151773
-4.022308335724187
0.5282655296416034
0.6506403467691415
3.982328904953568
2.0906614348344403
-1.7340586213969533
-0.9981781244145604
1.392677923971183
-4.774347933336558
-3.9623550556054257
0.5210299613389082
4.784786263664625
-0.35133582112486206
1.1786662923278626
1.2585366883834896
0.32104388962014485
-2.6474842071492235
-3.119979909587069
-3.087760726948653
-0.9159843120777664
1.6761854925325506
1.9456030788366059
1.9078626352596162
3.330932558860298
-1.3050146846557038
4.260257851064928
0.7338172018450972
0.1432486895272922
1.9268592880558535
-3.1012530767992748
-1.4882392325827287
4.313828684256528
-1.444990953410666
-0.5838251240333376
-3.909960800682191
-2.036677532704725
1.80976818352235
-0.3443620164392962
4.328192711911931
5.145268251232984
-3.8580993371806622
2.652337073171559
-7.162288701900985
4.3114048341585445
2.6467442392046197
-2.7343700343312705
-5.189304132614465
-0.4067460196037891
-0.4114820849554559
2.7130778512108176
0.1300706868763517
-0.31113016117466374
-0.43772544569376337
4.118572967559689
1.2600397548031843
0.07074128861201223
-2.920924862996384
0.47235958447978255
0.8241656872002232
-3.4791279880535715
2.8702840122405076
3.636464410761115
0.6855677222687029
1.935132210472185
-0.1516752281908429
-4.065780568164408
3.6505859233145
0.7706614071664473
-0.2553398593908387
-1.7643652676524209
-0.32186617666821893
-4.261187132875539
1.0250108210834326
-5.269905293169716
2.4888867461023954
0.7354804557445225
4.5309204302479404
1.0825542763478317
0.213471872264831
-4.6349807506736065
-0.3581954695542038
0.36594564606597535
-2.5693820156155738
3.0097976225784207
-0.23071189824356897
-3.1717026916610034
-4.8105909219397684
-0.8809937841412843
-0.5202129761906664
-0.39862552526082085
4.287715959336547
2.225959507828753
1.2855418579113713
6.244969523320009
0.5731270494127785
-0.5742248225690862
1.054891286411067
-0.8794457677910716
-0.546832894968925
2.7986184387954296
1.8404461714113916
-2.558615703028833
-5.754221606990362
0.1012874454745567
0.056699694204689344
-0.8171244232424952
-0.23919045145482132
-1.040048123966806
1.1705420390832495
4.446086291801549
-3.423572850346381
-0.02788781820465469
-2.7466282275035883
-4.741780426439483
-3.613108468780121
1.6019901292558842
0.15821319400530776
4.112936454618007
2.813187961757376
-1.253313230069064
0.4887490830927217
2.338723346756674
0.07102612493371674
-0.6175829416714531
0.07373475588201273
1.5366360993569659
0.43701676173208504
-0.18475685019308652
0.9792575450267014
0.7933311638746328
4.035261427455569
-0.9499623691782688
-2.548397850429148
1.5974271512086136
-3.917248927133748
2.5390580513296963
3.3620283908520188
1.8516464297392485
-3.9604402970886765
-4.077362700404288
-3.770258337416035
-2.6839371222727237
2.1203606779462696
-4.569102539244853
-2.3059169681283436
-1.95700341826811
3.8575490070173775
3.0410708344027633
3.0659968011009893
4.666965578761805
5.473079055773228
0.9297831379343893
-3.2822002082781205
-5.64219795964865
-3.3301220727507186
0.4510886548678894
-3.897554868208311
-1.5794459556551967
1.680974608285227
2.654629882214471
4.476566210112464
-0.4378287951985711
-5.474163657422741
1.8427469751385817
-2.8558834080407136
0.33743325775693367
-1.1553007023137083
-0.2932268709722943
-3.1774811442586093
3.2799962919210355
0.8356662425048014
0.835689212051461
2.045186673563249
-0.12043892010935964
2.021451484491144
-3.4642745483542203
0.13638882602878266
-1.150138136116067
-2.825612940526415
0.38187159224329137
-3.3756627515126443
-3.191268642070411
4.902239732933521
-2.817104730457162
1.4425816614240539
1.9615784767801812
-1.7559289388453299
-3.497433887505194
-2.669949830208819
1.9717970542770948
-1.6948067435165186
0.01854667987916314
2.6017173976750683
3.2595124494094687
-4.709942727298378
-3.5114275800679606
-0.506036190107436
4.354925174906444
1.943831213327602
2.5610509975098834
1.9906066062487688
0.38407868448084015
3.6316589220038873
2.119841020999396
-2.6375791443099526
3.902004934175096
-4.581176360992606
4.033349882007736
1.92434819349395
-0.6557438696131619
-2.653934756431142
2.0294296889481425
3.838320507766154
1.8825652352151299
3.3948714802606146
6.401533296599882
-1.6541468169038291
2.3004418709519348
-1.6048279681110313
-3.9222551864478676
0.6462355862863716
3.130474959345227
-2.8227419029312566
1.1413378139700041
2.7320884933874567
-3.3582388709914657
-1.9864368610697758
1.3240432522351069
-4.613362832554502
5.092130983884736
0.34519686539703653
2.049107946159377
-2.5795748332467507
3.0331169978234986
0.737868308365113
0.6380816826084532
-4.13149486867101
-0.5190616479196277
-1.9044136212919178
-4.419470875642228
0.9927658713253285
-0.3014830627239109
3.6915549870062048
2.7214998537586337
1.3240570098965379
0.3947909672209884
3.9140454498747848
-1.875370020378045
-1.2357505395689412
-3.456151235723684
-0.1733297609024833
-2.977633074675463
0.9280389188073646
0.9800393368879281
-3.0567294565024032
3.192759259066554
-1.9991340807658475
-2.983471388503178
0.5578763368024635
-1.6685493290607474
-0.8366020345139913
-3.1872696892882204
-2.165179291249302
-0.7516449547613644
2.433184087048395
-1.9628839082185376
1.267783427847765
-0.6611324208435967
0.3796465979237289
-2.327805008883389
1.131157452488071
-2.6525351093291616
-0.6010906417424715
-3.3162497078542046
-1.7249524676894716
-2.0369925034314775
-3.557686429169954
-0.7508437307934461
-4.122487312799915
-0.8637990448221968
-1.5869640731883685
3.448842362650896
0.5681540670151242
-1.0780120424864879
-1.8155347172800231
-1.3157814951130709
3.1248671941137944
0.3406228352725822
4.571586301772813
-0.34907301472683816
-2.4761402550456535
1.0638054588448225
-2.3238700776613443
-0.8567599503667345
-2.16248555408188
3.4549834244086934
-2.2274869871251752
4.037644233829006
-0.6732340837142057
-2.112867078814207
2.3209824386669555
-1.872194483283037
-0.23642667682942808
2.51244833235304
4.909933896689795
-3.680891556928933
-0.5363214692692497
1.4091333013953435
1.387604604226233
-1.3456709717243283
2.962532282645968
-1.0856322507093432
4.137087373475739
-2.495617654069849
0.5100304008950372
4.800564417858757
2.094205341659774
-3.141962287283659
-0.1916562375050852
0.5911442815655863
-2.767649058556743
-3.3911202001360436
-1.0408768691355927
4.408794353914563
0.04413779953045438
2.460761383848366
2.628640980134044
-0.0197957882238482
1.7475230816275105
-3.400368806482541
-1.4697435485435317
-0.729100044352943
-2.7698294012250946
4.558178836669405
3.9035851280838756
2.8650962850593045
1.6240517248761912
0.9869223349382539
-1.57575942474804
-3.375310033982167
0.9371924011518464
-3.6141953075433477
1.7099554462704978
1.5213002938225981
-2.8838557548516355
-1.175888269127537
0.34469368012204504
-0.41503894648304396
-3.61421869402282
2.4732371606539605
3.8988490518457786
1.1542193902795475
1.1049598776841905
-3.0435316047728964
-0.6947832951357573
-1.8021532404817062
1.471445947817648
-0.4831897147835842
0.9993959069056653
-0.6002337842294385
2.816970810487129
-2.5808260352398547
0.6328592073352122
-5.016315981983599
0.3647198981009885
0.1327631864533818
-1.4497378769857512
2.307972603178661
-0.6820975852337705
2.441851771926453
-1.0941626459882774
-1.055261756106623
-0.596368978162114
4.046030626568798
-0.3758848423635788
3.173381593982348
0.3656392887719835
3.4051305145948128
-3.114451492486281
-3.790495831449328
-1.5772892472483084
1.8654349163754815
1.4767152623328041
-1.63286928242678
1.447688255115252
-2.3687296261938586
0.3682167380206245
-2.2373728481613577
-0.7268544022761265
-1.5775976188198206
-0.8219702636046107
2.913552575882865
-2.362158467811262
1.5619727243928434
-1.5803655187746664
-0.2628838809795826
1.3818863382399837
1.4982034156112243
3.049189866134534
-3.798717682435304
-0.9326162961479147
-2.6366052052124913
0.7903826686426145
1.8864647518248532
-2.5874783920930584
1.4370631798717912
-0.11920709438214083
-3.7498498643865297
-2.2633245884016553
0.1587307842575929
-1.7561430168827803
1.8133391967197894
1.796943635835541
0.7842876868229576
0.5550344429521328
0.8927954748706901
2.9629289839612842
0.6152669643104236
4.561875738330855
4.437455140841738
-1.2762122612063054
-2.9946962545946736
-3.494576654420805
3.6070179560884803
1.6440793386649557
-0.8654536497294125
-0.2176024253189066
-2.0098360123645045
-3.2501944696265106
-1.1909048119180097
-2.173817452582308
1.2931066699643219
-0.39983913169650864
-1.315208852740204
-1.4599259504382092
-0.3482321911333095
2.4544353197764064
-1.3115072349792611
-1.1214589060855473
-2.50226803382687
-3.101160860344055
3.187825994606701
-0.3565444671908209
1.5479495581862315
-2.2090003773762374
3.139793790316208
-0.7738844500766664
1.15176694988364
0.2689002321410734
0.9444762484414844
-2.9953846618972277
-0.6875867219395073
0.036775313401648635
2.5035521615661027
-3.840301696385988
0.012372365856109013
3.870717558728285
-3.0315355292795987
-1.0356887322668853
0.0401823100366725
0.13749751211479166
-0.20145896577368116
1.64248199639058
1.740403959190789
1.8247520763378398
2.7114372619269034
2.3556468456320094
0.582072422854172
1.937471794269169
-2.5062975288898155
-0.8907688732889916
-1.567782350396241
2.27457023837675
-1.239597884252803
-3.767404234175264
-2.1270719771524296
-0.2373474371854647
4.014129413983093
0.36235098797532794
-0.5225482194260507
4.930536906670719
-1.6186508467543816
2.0741012623936914
4.1225747071978365
-3.318548926642736
2.352597709852108
-2.936042752406769
1.241494165909997
-2.176460274660756
1.5490050932471433
-2.0897895745422286
-3.7267887470529817
-0.685352940808494
-0.7807027488024729
-1.1531541662846116
1.1724273968567644
2.218422679726846
2.5918697684219882
1.2075281798984339
0.36549005651569244
-3.4396942134320208
1.620724001849739
-0.9508119866827376
3.796255044616905
-1.853686627660692
-1.0714572206734005
0.4979641128934891
-1.9140161395682171
2.2040994093971387
0.8606146512168522
-3.6498929243757052
-1.1750505632071246
-3.056839940482111
-2.018649049388477
1.0050668021962457
0.043058971137153845
1.3759983000999494
4.25401189856435
-2.4557241133506533
3.151963384149497
1.800509966812524
-1.813325859680626
-1.0921280404449996
0.4548903028400222
-0.2818197840928365
3.0121531231340324
-2.293057644591385
-4.466212973898481
-2.0721820385608094
-2.1117678482976263
-3.0699841916169572
3.355122011985646
0.39289923599152554
0.8766586229450597
-1.6190149395217055
-1.6168004999650314
-0.9907093442979498
-0.367780346560159
0.5645384922709098
0.9268072064659751
-0.9559353881859658
3.2613526688595953
3.737528785833442
-1.7951251747741876
-2.417339014342555
-2.169649545340002
-0.09401643267524906
-0.2027332030675868
1.0763958011022103
1.6360957447193045
1.1446686623667113
3.914624470043705
-5.404286344340977
1.966814176633233
4.418651654896166
-4.29338772827146
2.956228796983093
-4.588558440500966
-2.5042917414829198
3.9985512193212975
1.0382856313258289
-0.3698262161257164
-0.4667203450259789
-3.940924178637269
-3.0318824007063037
5.341647420723196
-1.275278166906608
-5.7443367879270815
4.891592193676738
2.549442731944569
-3.494215766415853
1.2036814208285975
1.239541357093003
-4.639727335862438
-1.649924229347784
-2.503721220462819
-2.390763188695967
-2.0605901569936456
0.4039863524994578
-1.0728580562144492
-1.9732340693545578
-3.028800841891476
4.143064137211773
2.0876628417886494
-0.7234352772164845
-2.2912169948867347
-1.4506800221612952
-3.3775822020590924
0.1304517194284387
3.8856009228102995
-0.08777234457323546
0.2731702254881021
-0.06650101187974933
-0.8962620561557342
-3.823974307254053
-1.678046198531936
-2.2764757558952105
2.3727406059940117
2.0651221126215455
-1.6409633410026871
1.9578376746353583
1.716202683920819
1.6914620983546866
-0.9288258635915709
1.0419932177154634
-3.4290362410689195
0.23100613517952429
1.014302189889841
-3.1076558627635613
-0.30992877997442525
-3.6621783289200973
0.8129043644887948
-2.6185894902141413
0.10006021380635377
-3.1426148872944473
-0.29537527458411494
1.574457174129381
0.1071841477834452
0.07749832319864858
4.170066705777206
1.5255385310165839
2.6731133319077958
-3.403615757126215
2.76254542623792
-4.613947641917628
2.6535405438983934
-3.878568270951911
4.029505133583298
-3.9149226058900584
-0.7164066323362765
2.705321621080044
0.2132794639390354
1.9576395766394419
2.9692814024936607
-1.3500121522482937
-2.0686905275169796
-4.233328741657551
1.5040815521975814
2.630761908019858
-1.0392329131395444
2.2823280567096584
-1.9265391567439158
-2.024822964555625
2.9703591921205
0.9346246209768068
-1.5488586856004112
5.146659108052601
-0.19010968523896654
1.227536202843646
2.0183542452423238
1.1992722327012586
4.083545702809269
-2.061229134875343
-2.535896340034453
-1.9786831357714174
-3.5602752355994753
0.9677942626904268
-3.3539474417285695
-4.245384746909922
-2.1931585335634183
-1.0417329324817113
1.4717143852753445
-0.4977541986671279
2.9116145861474365
-2.788745488913717
2.1717851111620763
-2.538601963012099
-1.248816823060934
-2.7644738845822294
8.05918531088151
-4.225695750483881
-1.2984394527364564
-1.1205017367332801
2.4872107461247084
3.323608589356883
-3.1505543735404826
-0.034134145408824645
-0.24442857509189664
-2.173458176990473
0.263349474279865
-2.9834311971876417
1.529550059756098
3.5375952600687675
0.021039591398073876
-1.5004172401429803
1.8389470666605043
-1.2967555735497749
4.685325079865214
-2.8516655928554604
-2.603870306146709
-0.5141120358108857
2.8613501837722977
-4.025248977869081
-2.777958411735278
1.1879360475870309
-4.585682101722913
-1.0432383766018405
-2.837332132016366
-2.4566675368024637
-0.5272994180121329
0.7085245519194274
3.1875841111177428
-2.3242868162612424
1.4960814388111439
-5.575199477150795
1.99427377595955
3.1909242171148797
1.2051289753284957
-3.705672703204205
-0.2631528677024546
-0.04810814871813274
0.19838156388100714
-1.6819431291566838
3.1953613979068134
4.753796758032574
1.2441014552685128
-1.2278327102865192
-0.25601583352605517
0.5097365660320778
3.8190952729319747
4.104565437166897
-0.723883127609801
0.8764422314130975
0.8062490057764458
-2.4750754666654773
-2.7754508963090245
1.7351959316724423
2.6546726442498745
-1.3681812934609707
2.925409360018315
-2.876042085702789
0.8356208397854592
3.331949763959012
1.0716219148652837
0.4757256464750903
1.2805405564143486
-1.3761187837576567
1.978364738480859
3.1629615406704397
1.590193985069464
-3.1795048239642956
-2.8791793047138263
1.551599810619381
-0.9446014329217307
-2.49812147063207
1.6040055751640518
4.277232275466646
3.9535440001825304
1.207868281851255
0.8167225832524447
-4.692494654343031
-7.468034965728882
4.949694032254058
4.69339339178147
-2.8543305665534415
-0.9774323067227033
-1.7898161511640946
-1.0617168565600559
-0.06757015832701452
0.6194652800090485
1.1128043035685986
-2.262023092402198
0.3503736780835418
4.829627499521435
-0.851336637018719
-4.440788330572481
1.1330828525677503
-1.9209391822575854
1.2144255431385043
0.8761517527205263
-2.178216767845053
1.40948303735075
0.09445951179695289
-5.853208069348383
3.5842521651570323
2.982268129780927
-0.6679056111367536
-3.3863045732046304
-3.8933285902131267
1.1794362547381865
3.53730679829343
-0.632163844697843
6.0411079462392445
-4.27826568603758
2.0427869719764535
-1.7908709520194335
1.9260733731604938
1.8256826425333215
3.7234453779313257
2.074620838625952
2.141044786938658
3.4663990241059746
-1.9882568051474978
-2.9424093638644413
2.7105609450381496
-1.5963570275298073
-3.9569726036961166
0.7022614638309976
3.6485462479338713
-3.96828836557074
2.3114304432211403
2.766939493230293
-2.9759203012791704
0.4474923373777653
-1.5135423045467957
1.308315601520443
-0.04507284522821209
2.0075216663216287
-3.283632349064934
-2.3663559604614064
-3.86665463670609
-3.6052726034729012
2.3246790665725623
-0.39006896082593556
0.7451354209369097
2.9823182465506397
-1.0429062938310454
4.596383496625468
1.030421415540389
-4.417816170263646
3.311141567221705
0.04117050152043955
3.6639743538262675
-2.9412997105115695
2.811382691875708
-3.8375057041049896
3.68377984679866
-2.361980305703635
4.39040761340174
-3.255467981280665
-1.0631180527263866
3.568999632321508
-2.4036224087133653
2.1187531428831123
-4.065199370997478
0.3745663986751957
-0.33107204501327225
-1.9479218255299173
-3.859953177571933
1.7700919439615406
3.5832873752661314
-2.131855560003986
1.582411348860329
3.45274397833799
2.5801842624803113
-3.486301840045797
2.1863407925826652
3.1517476869762655
-0.36091441083808307
-2.399698261733753
1.0463651507971412
2.3842377474120275
3.37647901736087
-1.636140246947905
0.8341312001423009
-2.702291270514796
2.5818748053056946
-1.4767393227623045
-4.7310890508488495
-2.254721136714932
-3.2424151270591484
0.7599560181673644
-2.029477444100076
-2.6549110908548412
-0.08965789433378268
0.7387051833376113
-4.579052404195628
-3.4545616489296034
-0.7152642008290413
0.015717946069186084
3.793055044327656
0.22777823901474137
-0.04982426359346093
-4.275589590153621
-0.6732635417621655
0.08322666472141016
-5.024625173765385
2.7891513233898295
-3.8475741784750515
-1.7294485148700027
-0.3667159675950975
2.9757224060223364
1.3745674502046252
-1.9390726688611861
-1.3326263514636238
1.5354090409979932
-2.1296456847254603
-0.5633547519308506
1.4683068082535131
-2.1153647967664666
3.0203865912652406
-0.4904633385500421
2.473988719549064
-0.09311963127243805
2.1324697785728213
