-410.5200631458059
-134.94304166084154
-727.0028904278771
840.5589817836144
-851.1084395018158
16.633021782672518
817.1037130333582
-92.87383155233854
147.92121500802494
145.02801351185303
886.723525379554
538.4638644132092
-41.84040360117504
-277.86017122973084
-591.9333059696753
-432.8546844840144
-972.5930933261391
785.7572204506158
873.9052408988938
604.792721863847
193.2799767593054
881.0981917284832
878.2045764789401
301.36606280607475
165.59650464850986
-337.3000592937048
-934.2702251519024
-53.2206290172422
-490.1227731320439
-230.21298933753954
-364.27905358160115
599.81983151441
-824.2300896603889
926.2688019954958
924.1873750677889
195.17998548023073
910.568321735166
-532.2571487682125
-472.747543958241
-948.6477342585047
555.7798942767731
674.3601535479762
285.7042775117952
549.2760765692198
797.2986033756555
-319.0329231857223
-558.5142853633085
-405.39018170695874
-204.75572063971444
843.2624585689531
-672.9604665202411
-405.45481392126715
344.87755949838174
417.88409863291724
458.6284353503943
-496.658191668706
663.0589985850255
-470.53169789312244
999.6461265810975
377.0340434094607
354.01092057119615
-629.9060201693204
402.6237621236968
831.0886061203022
901.0458388015062
552.8000894318749
960.4324525485436
421.0364115794959
-376.0577668123572
979.1432343960215
-51.479666290940486
-395.70514055973405
402.56054442557524
-951.3392604369849
956.7709060248416
725.6695883543181
51.55277217015015
584.8586966674528
-626.1578652847455
-172.26188951178648
245.7362799718965
840.6934090683601
221.1464047753751
673.9006265470049
144.23332259521166
933.3137527556546
-455.80603438897856
-337.30487420697546
949.1468181768922
430.40258801033883
-588.6584169347683
-250.66938605159103
-960.461087526196
-574.4058130985178
718.4390967560546
-696.467007785266
-739.8210032370598
-865.0796424239244
-844.9390177851533
-692.0239096950795
-133.26558828538793
-516.3535254197822
-11.90874652122107
-474.1512011487923
-31.59194863076812
522.7045488036932
216.73264954149138
424.2779443012697
-496.4023216115116
89.29308541937978
-221.87662975869898
-400.8437138210805
914.5463200066715
-725.9721424550239
648.2503907418685
482.08063507326955
401.4521278764809
-571.1520095080588
-415.9999596249947
302.2883612654017
-627.181527048517
-74.67084585760648
929.6116720442892
514.447608325203
1.3674443473206004
0.35409694149054327
443.445777130043
436.48055505607505
-737.5981126478354
927.1328357138225
189.88860982211676
686.007814231375
-968.3494645056768
-346.54529573612945
-42.299099499039116
-655.5021998556712
-677.8040026852883
203.72596389449365
-312.261702725503
-690.5207520233355
-550.000177536743
851.4939586296588
-870.758872297927
183.51375728423446
-662.9889121203479
723.9967425258089
523.5288020551396
-880.7724047569899
643.9606108362972
261.5169819979069
-698.3643678730704
232.85584237557654
836.0118675398932
269.17742017685816
879.2165206820043
780.8744952518217
318.4810742689788
834.346170220465
-60.25770095203955
-760.0955816286461
130.23374533707806
159.94200675283585
-178.50104124461606
464.68439817302806
-928.5159723511833
-36.69321314811815
227.01149279993626
887.6327911875109
-649.6827325553097
165.258703617384
192.9661931497121
-552.7965073108995
-7.717596544744687
-23.561553115164337
-839.9803463221899
247.4314784338154
-759.9412298903776
707.4966851587782
12.207585681285833
-599.810085013001
-304.32774197126844
590.9079993433759
542.4094415902024
652.4379968910982
240.55669834586567
-151.22917877684617
-658.7912289633845
-189.44452602500675
496.5848727158023
-369.4780885225139
160.55678660828823
-176.9563547219615
257.0859002985038
164.07066671640135
-502.3925745251489
43.48158974567311
-719.094006179151
496.67300589428794
670.8901353331869
-518.3238638407047
304.377285208205
-583.5359395168216
-512.0579777989697
933.6944833751573
91.65708787176759
316.73292958266546
973.3230528825304
-684.9231477854652
-391.75672187044063
185.5600385249646
-127.82291466415896
-33.24097900442729
-572.2290217879565
729.2013935533437
811.4878251354581
-350.7155032141848
-793.6010912121201
-874.0793726181383
655.1771887935992
-99.27786586785025
-639.8997434670673
213.03973617946133
-919.2417230634553
-295.76073566970337
163.56975940250993
-217.05084405235456
654.4819805169725
-333.21192238041357
-394.9587290351779
31.918897706340047
-891.982417213398
-169.60442101162357
-905.4402115676864
483.4846172346692
107.19594769135233
33.12461935628921
-926.2701650626905
-203.43691854482617
227.58420662303214
-556.6899810753195
-110.87559443954008
445.98159479603515
-167.2017277451429
64.19430724275067
-215.57297161920206
-299.1418640648891
-952.9360299531232
-630.2888382530568
-804.7382115435942
-394.0115289237013
-489.80115797932757
-837.2722097633008
138.0349482921874
35.39758821480078
257.51927108397746
-59.91530723637331
869.9708294556497
916.4542817113653
888.7523052609047
-524.2700145506035
-523.8837372169619
669.9599986626079
133.78887815715586
105.73481579955289
-5.627668745790938
-526.5286741813361
866.9967626673484
900.7174765762807
76.52197435898756
-146.15559252271285
407.3337888169162
834.4390222205528
849.7169707302037
283.2381760902317
309.46579330494797
814.4688285797077
-291.00807616649564
-539.6173877987453
-840.620264254978
-687.747016733933
324.1383144159026
-147.1128698270845
-201.00459786927092
-624.7315710583979
731.6284267084344
138.83965409167527
-975.2303254094759
-538.848047657928
-547.0248848676382
-411.4062427270347
279.5577080604783
620.7569225031508
571.0273129294587
-938.6687407272669
-40.77387927273313
54.98893993573255
-966.1464832392768
440.9364180097174
458.8934949655529
-763.7166853172214
-490.290998852902
361.1626484359953
773.2714081649301
762.2481410473124
-282.9711042376167
315.18516317784116
605.4180529308449
945.6543861430254
-132.6722385092079
395.7945161022074
-351.889789447711
-540.605124470861
-957.6308502200137
256.8174276624138
-467.3910887613802
-934.4361266026142
785.5508150373412
-587.990526828887
-33.203496609345585
-204.68032611891576
765.4844270506846
-86.69489820214339
723.1303861012957
112.68637715463522
241.23747125897924
-695.4921628320433
-500.35669437844746
-323.32849929984917
-912.1579452341306
486.3459549429422
-363.066549280167
641.0619617651183
648.0187912171858
-611.4235678209634
-992.9497029465123
184.14164067687645
523.959538065304
673.736572423995
-486.3246966805765
-667.8772096724808
490.23593588129097
-541.9210241110815
670.407612836728
-719.314720622505
34.01367918299174
970.9700917849168
517.1196857563724
240.63987639798793
-570.391502028383
150.04916879633845
-988.4462659171568
-618.0182519488847
-770.2402368898748
25.345075877099596
-335.59193689157206
-185.60581145302123
-343.98335603745466
57.99891022590005
-667.7611276457131
-360.58507381832135
766.5712959875542
928.190274623453
651.5298705651699
-779.5427656930841
-111.29150886691426
540.8521247528025
906.0210705329664
77.71575431670736
602.8774208321587
187.73798940377097
489.4980203063551
968.3721904031221
-184.21515360629846
-967.0806330391371
765.6065526237237
860.5869934366415
8.406138746096907
-972.7008884214824
-420.227593342765
619.7479765869524
786.1683290468432
123.43955035450512
-148.04742949961127
644.8442492670096
92.4220188463178
-819.4241064356515
358.5771027109183
899.5958408339802
887.6275981998555
546.7719083002885
-985.3263280877098
652.2073316105647
17.244616493730437
549.7481978570241
-708.8159402420093
-811.0275291729125
495.74644332348436
131.456940251364
330.66932668312825
-714.9041157685383
-89.12787138444973
-844.3464435367077
-852.3882398739714
-202.0515530319345
-599.4761318744104
-410.71005280578424
154.32108148700692
577.9474909235379
-916.7016243897527
27.113947233937466
-671.1361211645587
-284.0028971921496
956.8593734730009
571.4813831973529
-299.60391672478994
463.2133259930089
435.05993173133373
896.9140520906411
439.64275666518364
-707.18963818386
-44.70973417159083
966.9039028096737
-598.38428037593
-727.7820643224403
-663.9208972106068
576.5373385316748
931.6790499480245
920.5846723917209
-633.1896458011636
437.4706776674641
-794.5344718428463
173.97482777288022
769.2118930371956
-358.1817902609272
776.1959244095392
-215.22888659657207
-17.491305548475964
906.6772946856775
-609.9135443677709
-293.0963885433619
-562.978978555754
-113.02687457118424
417.343505692889
-959.7156982069832
962.2396806548504
-695.6664877689961
113.22735958917931
164.3962421386096
-951.57705536138
516.5133769344225
-776.8443031802526
-885.1400809192744
-405.4622111981694
-449.59474013906055
-634.5828951012021
652.8754595869016
654.4949759423338
247.95842364764866
-266.53101937457853
-350.18550961260803
150.6607587850376
367.44213657407533
-74.53566682302656
603.4464236577154
964.7969753925083
361.8843703208694
893.1359090358353
283.70977821608716
859.6427962211826
113.07694757790232
10.917649005587217
650.255295444196
-354.23309628831595
-159.38288996248636
428.1224008442635
436.8320866040781
587.5964524278899
-534.4207696071713
918.9824152861154
-418.9806210261939
984.7282268546788
651.7284784554274
348.9617922724927
8.055066414025628
-532.1521180766479
164.40473252691578
-109.185490946131
-749.1836549494358
968.1825434855715
-407.66324704162326
-908.6986273460003
-428.47845869690195
967.2480219294885
53.166761258929625
-966.0214458923583
-143.25070849510078
-550.5382998266779
767.0641350292647
26.371360597018988
841.62355185299
503.8416254987307
33.791338000979366
327.35167367726694
-674.1569897053391
-94.61992613156931
-523.7233484609492
-28.724765973007898
-397.74984479706967
687.0635519123148
-28.07981750994506
242.5417746084525
370.06762379134847
818.7730858911348
39.60769546450873
-505.2556863224166
-10.447072728006617
-203.6357296976186
-618.5050346211804
796.3261147679008
-256.8847914258533
-706.2337814249689
-564.0580179141557
-468.84909813825067
-218.46507555273857
973.1273146165383
-279.2028847979748
143.2428859644555
440.7763602164381
969.7079673390225
-744.2619622935498
-0.5399664231892765
-99.86416686315931
476.3717867548793
116.54123059698128
672.9612686679034
258.9567029517605
-857.2156885220828
825.4191317363506
-523.6581518985565
-653.4331503089034
-68.17484994358239
-434.23940599555993
-744.4517765720302
-788.9095797178794
983.4969766001334
80.26151645606008
-748.3739075540337
841.5039190095025
-317.0260820976811
931.995138695864
475.6350225998646
-710.3043994727462
408.2546284523557
-397.0458890293027
-387.42538496787836
533.3246722921941
766.5129604393392
-188.65994209206875
-234.4429984476165
-848.0600712831832
-892.5379183687429
136.79007358075444
351.4308106766019
-289.6322948080515
404.0269663797061
-34.820194239370764
-144.0954058746957
-976.7939141907541
-82.1796464473056
224.56108272732098
-114.3159961959353
140.16209164795262
5.973655030514098
568.76431339347
-211.92285222756757
-742.5009864024576
-259.4076537701598
-407.28008456591823
-62.60734446079373
435.00462108616915
-541.6707588049002
672.7014979469959
92.20743470510097
-248.03562136867927
458.7819049227546
721.3404574456308
608.4231349037842
935.9124086242198
-50.34258332902893
-362.76048923257775
680.7964287192052
-414.26723341258366
486.7115811367274
576.1585928685886
-183.0936110313114
828.3876365027729
-17.99610875040882
958.097650201572
-706.3410063470653
-602.8515384188812
606.6709825716378
-513.618192769041
847.3553033627104
-31.545102142209597
-861.4024816462611
-104.50131385724907
698.8087686608956
-52.50553811648263
-926.8495366666607
-329.57638882229253
196.83578484296083
-232.69843033443198
-156.88492998027206
42.527746655448084
251.48417578554296
-60.475108640310204
344.63771878680376
-501.4785888922926
499.4736573441466
220.4699484327524
-842.5599062200586
694.1526786754425
783.5206022540931
-75.39934098236246
475.7938274479501
327.397082236735
-136.20454389587923
694.0569180617597
-61.56137652791694
-86.44502393435734
-849.9360725723477
568.5712523262375
-128.1910289635021
-613.4019286089882
-717.6143367854089
162.53490193778248
-411.7796999924567
170.09502343150197
-563.2070485779177
815.9100403884215
308.3992765915697
-492.48695979227546
803.6372724531955
-931.0778189271722
-158.28741126593945
524.9571451409572
-206.7829049306833
-760.9542839227119
-473.092633028254
532.3569448369886
-979.9679637791273
73.40856041881838
-259.75859569171115
156.38227286958463
651.4611612682171
-162.66902205187375
-830.6881644731245
404.9797520265724
389.9628978649783
522.6450953219904
-624.3076527066756
786.4447724800577
762.647680215876
31.563847805518083
-671.891512944461
-352.0384084660532
-633.6995069288356
-567.1213625314691
-778.5668717107388
-677.5184560729255
338.5130017291419
-441.542723893861
-875.6761718553289
-558.60330388475
493.3854332085198
-215.11343686118715
-368.818331827607
735.2924343858563
-259.8140432462891
-84.73455964815629
792.9515882561989
-753.8229695386442
-246.29976705841966
-14.192238134302734
-581.0216912365993
-62.16757485404524
717.5550624512739
540.3299426950482
-903.3801145047921
289.5134630666991
-662.7216249131241
-330.878856383612
39.1046088841597
-622.0822132043176
974.3059946754888
-490.04727271107623
113.16605352481278
674.2194163340508
401.7478603582238
-616.7426779912081
-677.3201415707472
-188.37806173561117
-770.0375841868
383.7560582966906
-642.7620759558437
-521.466875469866
-932.463789616326
-793.2678402513088
269.7608793867669
747.7638600415032
-132.2739234673066
833.4980889335069
-587.1102543807306
-561.3129042360802
967.0064513674916
-702.793897311364
608.5525990161399
-356.0615758119251
767.6772385746596
551.4995689199841
-151.24384021259485
980.7118530352242
-753.7960739882574
-333.35790112899673
14.77883881012881
-206.17975220623734
383.5451230199596
-793.9848093823924
715.8228999156814
62.19372507780154
845.3068519863685
683.3050359008603
631.6043578694241
-540.5846159841799
231.18940956872993
-924.4073087380723
-967.697118471624
-180.1697926485325
-523.0260363477122
358.9359025732287
205.02480985870383
-125.03053428078461
105.99109637643606
-858.1044612048008
570.2522926274613
-474.47603706008
-889.0830949128114
-984.8618391230898
835.8371797222161
582.4227762545986
-682.7480240933185
191.27522180441917
622.4843233598993
672.1627554410213
887.8563657016006
-845.7354467435517
-1.632060282294429
186.17192431092994
488.49321343553856
746.5332107536309
640.0957039980331
669.3970081876577
-447.88166334079295
773.7639981187665
-128.3835548882365
-157.2450715789952
422.3002254916011
-375.06480446881494
-748.9329175000362
918.279839761225
856.8517802571922
-895.4510171460306
-985.8771509814156
-399.5301520704333
-435.3161060983756
986.3482368082341
-392.45675078455855
904.7370136397365
164.26098037155327
-800.1275585460857
-657.0753976376565
851.9077989223192
489.1040469251694
949.0805654835445
-795.468321959483
506.8880379216315
-85.5337686970025
-726.7446971838039
-817.860479510704
867.6202016413616
48.73562176789625
487.27054564323316
837.2232006497098
-929.3494478909456
250.2245953154429
485.80441565179325
-339.7944027445876
-766.6388187864383
-703.9631234905182
-125.67495200021952
211.18683141876133
18.091832468103465
261.5466205240253
-235.81281786894053
118.30667922083074
116.0712649535647
285.6159941960738
-163.03466640492806
251.5555643108605
-184.9860868013145
-940.6348664926832
-985.061493010519
940.4042606061082
997.1826104845113
-763.673406833035
102.06623236861104
-629.2943290126998
680.7142784739192
836.5817038048929
184.48453990471782
-192.21478830307265
862.4163300622265
-1.0743832478829933
-415.93052104325193
904.9403215004344
-708.9747534876497
-54.125286896407864
-55.780133078749024
558.3393640243212
742.0036270144386
-881.1392238530648
447.94807602823465
-244.66391211440262
-268.2307997926229
569.3471736367183
-347.41240909029824
-96.82576231323468
284.26020872819316
45.62392459657046
-303.26437350713053
-936.1199892237273
-920.9058854730598
317.1333393723468
-382.4653236896197
540.0659342262134
478.13499472952816
-488.518017885851
500.0155038393544
111.81235863293111
470.46902870307315
-910.2870747039108
-227.0726449542294
-708.4345008521528
737.2993269215874
-967.3480834912945
-838.9793053762279
-801.4076245478582
-579.3881899448633
-246.77848190442137
-15.091160421290828
213.38529838314545
423.88760587315346
814.4273346842564
-771.3329448573328
788.4145855352809
1.4238536966626882
917.8578670369928
350.89103306722507
667.3236445435275
385.9837203024275
-320.329590743746
762.3491044978472
-780.5217983707241
859.0521257523005
368.2403815663993
-143.41721736331263
-733.2212816235274
417.65343864663174
-552.0721052834522
-528.8526632519172
979.546401848254
240.85562655654195
202.91166552303167
913.4380411863882
18.420826441371016
354.9580844023302
495.6512151038652
263.5931668436151
-52.883014147014535
328.519819176273
454.71786191183867
-635.3576052144888
800.0458756775267
420.20139178634355
119.0809983122167
805.339352985099
-780.0732786343099
221.91224269593587
-918.5268325583068
186.04558034793124
961.0753345463933
-101.23031718893955
-458.58735943297415
-889.9642568647519
58.44586136559007
489.53913747186255
540.8294491028516
-158.75490176530357
878.6733356167339
-102.52537329173299
-152.33051580022027
-229.01099453207323
40.678339543123705
-648.6851392748456
-881.9097015826866
-710.2880259280797
505.7387937373987
-449.2265265112736
-867.01932829767
-503.34977758670755
797.5162348924233
935.0784095087561
644.2450001057323
-808.8855143466776
-823.9185526777983
-250.5940764200641
-804.267731099831
164.5925784065235
-435.78450386809874
-368.6789843038948
-102.63180686741528
606.005279063123
-165.72113526612097
546.1904384920607
-826.0689456129878
-754.79798621084
-810.0996104726694
-789.1270086586338
-654.1861688943751
-857.9275251640704
872.479392516331
111.78130303725102
178.16443086249038
341.37139834979064
-670.374439869073
285.73331768848175
-827.4504246346467
-958.6710256739266
431.016741400526
725.4130142769777
284.9172214575315
366.8765615153867
330.2713346897251
-728.3964144297101
-404.57782424633064
788.3552173161037
408.1072924374871
794.4003831390147
-789.1496421823559
-292.09931768658333
-477.7857830796073
-278.33939882842037
538.8850399320452
147.28275434590486
-389.5336506534678
207.55110957041774
-749.6795274833471
-695.1374732554572
-237.5735648512528
866.1267645689685
-268.36448917546033
810.480515471365
-121.02130694172521
-170.68699097794234
714.0318331708045
-838.6840677687674
-489.57018531964263
940.7763695583918
-713.810058096313
-42.103089312445675
-85.70771716851901
341.14629384592746
306.7031960673561
510.90777855076493
478.473736556642
203.51603257191078
-734.0010181826896
772.4927621158533
509.75621037278376
236.1615408201993
-656.2022399232186
-21.61657302175507
278.3207630225954
-438.56677055824065
891.3669009675392
-742.1284373565809
-151.26523198546622
628.9817505629514
208.14375465797653
-256.159297313041
857.8406736890713
-777.1232726798337
351.1462414805244
11.109047311891
196.95031439586347
717.1922482930433
-723.4129330721129
-111.39904673950025
760.3643103848191
-401.63620633209223
449.4420433093139
388.5400615921934
-699.7012122942866
-97.10540282732633
762.2926051872186
-969.1568528715625
781.4388553147588
584.8057634403973
-332.8341493418515
-533.2721542110285
680.5873617031992
-926.772030546703
588.7606489150058
230.73309598341092
227.41431547246697
-549.2800098437799
-518.6690220703229
-504.1788560241963
-711.5847377668931
-903.5932183857321
-931.0755847466259
867.8798533570332
640.2560060588359
974.7796360501861
-90.27092941071471
592.5430537122672
-907.9064998479116
629.4518439697882
-962.7964914151188
-650.1276605538069
-492.3130417944957
-922.3367598565757
832.1505635223434
100.70414531065069
-696.6394225486592
-658.2621111904033
461.78009552557165
-494.71917814758746
136.39414343855685
-430.7677599363641
47.86842247298019
236.3968748136629
-273.12300842135517
-347.2738385036342
985.3647249660744
740.2643080726991
-515.5783258720057
293.5489110275966
-805.145149906326
194.0907609025006
-105.28190636218999
-146.4362697028582
960.2770200267679
763.7736551260307
783.1983445421614
970.8938621007336
-851.6171707210299
579.7114008620908
-833.6322613291004
262.071041634787
4.7203017056661345
-194.52809958893687
411.27281391342734
407.74627890951007
-784.7077407341352
393.0862741094026
620.5028871784035
489.5397497249803
-411.41334479173645
-438.5296615552898
793.0544453302102
530.7125030160136
-823.3773769117181
-534.7369644195375
234.16921824281758
-894.1713864831295
-951.3044303551939
827.183079887625
-887.8554461014186
531.597605465953
-244.78747975464978
762.3132142941433
-799.969736304682
785.5947373002748
329.4603204224268
498.8077032220002
-294.74880673329244
872.5371678088819
-544.6667525745347
-699.6604048840459
-54.9062171302503
154.440833827576
87.52468165858363
325.9189849825257
-961.4827536139665
-684.4078866132751
993.8664897390769
131.4251145579228
-449.27262276351865
-885.5966986869962
335.19386972125835
703.8809844152427
-73.32358648464206
-118.04723531853074
168.55377733323024
649.648113218165
79.73548313563833
327.1251261320558
151.73901819621142
743.2876819095657
173.2961863129981
-888.9300100969011
444.48702991958027
-422.8913368484564
-908.1819475003225
609.3998327943013
-585.4421379980066
-874.3382197923703
-42.36488835224161
344.1101610587015
352.8686016068546
645.7989280491568
503.8654885974703
54.26585314871522
177.45694242874242
-718.242713908859
-407.2837137905019
747.8016536776273
-262.9172877423526
493.4792686493514
60.83456367221783
-861.2470952277426
-810.4037184186271
98.81153720418183
-81.52749860817607
-164.92145688606126
805.6199433019992
-4.9890990804636886
-713.033362614618
-885.9067145923325
-284.5824592633022
-708.9541837367227
876.5629573408006
789.691512162
-577.5289864966022
-238.56706123393843
349.4817845074256
542.6962260482906
-58.05453034868644
-757.4187584695629
-601.2270072805997
997.132705874391
-654.6706598878175
-835.8103403164937
-928.0543013809126
-700.3117488422171
839.6851040616327
738.6233052019727
314.130776870958
788.9384133280876
188.73476523897048
-422.93046803291685
852.9741583208324
600.480693089255
610.6827291559882
939.8997892521929
-713.652159689467
503.79096006357554
-482.0503073708996
494.38676928178927
-925.7655217234786
196.59582028660444
-14.787302291160369
-636.2625224702158
-611.4022054177382
51.27150520251756
-139.54811601074658
302.61251368932216
183.06244555889467
617.5563077823788
-8.012364862751841
-116.79437706100224
612.033454672466
588.11549397166
-295.2326751534317
-396.14609848744453
-683.5602373158443
723.8237352000157
-912.2919244922734
790.597179154815
-54.4272375674591
499.5358278432442
-540.341391159967
269.36723213482276
-735.2804202430536
