-1.6638843348224006
2.357832044959606
2.508351794510795
3.091237919808543
0.7056009482803876
0.9084819609073338
-1.4334439925502593
-1.8777960844003354
-2.158753968233057
2.3770415602910973
1.4504335321384885
-4.459373201746918
3.0011452234924216
-4.29540092959593
-1.7438713263024392
2.3945365446235063
-2.3577362848080705
0.9472649482812512
2.8696160960636603
-2.6160259340376912
-0.6455508762901263
1.0004321185658953
4.051333817154353
-1.8804240938280365
2.304397700572269
0.537348982835538
0.006388160630008022
-3.5279817974685157
-1.1640078024321578
0.14325522972501226
2.5142875364574557
-5.200064333474195
1.827771165949602
-5.2108471466870885
-3.7798577759564855
-2.4033448443662917
4.478664774232167
-0.9471562094924897
-0.8239182901392288
-3.6797389425130547
2.044593359001485
-0.6802201365345266
-3.3148908835165507
-1.0212768574474362
-4.589442418975894
-2.347750202933068
-2.25765154232934
-1.6176348636771867
-0.022752736872611923
1.7548655414789522
-0.5396848058906569
-2.5257770793672325
2.060289108662905
3.160793587185506
0.9151350200599084
1.1980000179535129
-0.10343891944838401
-6.281215788599645
2.2306781827936097
-2.2038876023301666
-0.263685889688021
-0.4872809517085779
-1.8304494719764253
2.2086002212923512
1.1824124186273584
1.6185079732773038
-1.9372267296472434
2.5273826676155378
0.6570583093323321
-0.3665146663976604
-2.618358917128111
3.888373017971041
3.6206063437206337
2.9352196185579866
1.7809455190126826
-1.5984527757165579
2.5849609937835654
-0.7186155159838421
-1.2084744982895161
2.3542135372861726
-1.182608857290514
0.26349682516707196
-0.47096508916894675
1.9511053532143563
4.095064193242832
1.7049296036918011
-1.306861092029543
1.6448554905547297
4.1879540798992885
1.997032544609462
0.19411818086752963
-0.56304386072373
-3.9655576370151753
4.63855398930303
3.126702264665858
-1.3083968326399311
-4.390189567010124
-3.87125909816133
0.8350075597610349
3.6499483321859585
2.0204275163364738
-0.1729318888642326
-2.012894222344039
2.4394984884000284
-2.60286035675748
1.754684379513301
-1.4071165050358063
3.4337486175470113
0.13996567127985027
-5.248603620181668
1.4945928139589222
1.8379745696291827
1.0381441575840402
-0.154116695563006
1.3075873667251565
-2.119414505542032
-0.21673267579032962
3.221579736466251
0.6779915828943845
-1.1249346879200894
-3.888649458936187
-0.26081992999370107
0.5470107220563241
-1.828847463665433
-3.400432903214134
-1.9361198081975057
-2.1519807762800474
2.9214331760192787
-0.825573441993021
3.5679783650666934
4.400816918291481
0.3246453622778809
-4.696664223828651
3.8241390290639963
4.759955041000226
-3.5358531762262673
2.305660328461668
-3.167906299487229
-2.535845423151781
3.5913631252785407
-4.17598954673612
-1.8877759932300064
1.6533819853387037
-1.5447883425136761
-4.530886851070579
2.4353296577873724
-2.882370535020133
4.492039694102499
0.9182052574718296
-5.445729968472182
-1.1364442674178796
-1.3277341043226305
3.848311428160052
1.3441998727891462
1.2575353470103425
3.3836428976813386
-2.513446629442253
3.31218651273596
0.985730841053762
-0.6272747357919171
-3.410200802296651
0.04751516303906955
1.4907373303161016
4.006733994620808
-0.7092887288214325
-3.3871511215442034
2.7000223919676642
3.921464565344715
6.6892527778913795
3.1301885958574385
-1.0635661702427102
-2.138313731755307
0.6682354641775665
3.8019950194454415
1.6384698651548386
-4.276780462913731
-2.5004990389392567
2.4011088372424108
0.45842818941142816
3.6328486120828405
-1.1130443426323198
-0.35304594500330766
2.492549949770856
1.0450627016836613
-1.3779349442335744
2.672247301132348
-3.9010741215813525
1.6862229338966874
-1.7584031100592248
1.061088923068396
-3.651961258808679
1.4380547968563762
0.19901366572320578
-2.990353205214145
3.26128348117566
-0.08479715241517427
3.6103114227369275
2.1229878188145763
-0.1975147264478767
3.124677783481072
5.013198711315904
4.324924226426801
-3.483836384907569
-1.227149642952886
-4.019385082298794
-1.5192805288800575
-4.128155059610435
4.006662037915562
-4.574082009023595
4.175544120358381
-4.740857763105051
-1.743442325565518
-3.9594367002088227
-0.04373755037519311
0.08771857715472553
0.34953343535481274
2.267043819919878
-2.007616693606609
-0.7150393337046457
0.4248199075193342
0.2909903376766798
-0.39663009093079404
-0.9917662245654539
-0.1452416964170451
2.655590983088215
0.7001253358516593
-0.8102001920461817
-1.883776954585123
-1.2838277305345691
0.7840136916382783
1.5742422326139631
-0.8672577643701083
-2.7140217257193915
-1.6656921475853266
5.344799136758846
3.9098560340184214
1.4912523666528836
3.8498783038938837
1.066416111908241
4.283719555973759
3.8648844957584934
-2.099670303416329
0.14176034138338967
-4.11761824423065
4.313094197772185
1.0067960890718517
0.28809327447149613
-5.14522765602862
2.956246962568759
0.21191039207440143
0.6028382968373571
2.8998257202373843
4.538175285487329
1.9335737852512087
-1.5525314845067295
2.2074126245745096
-0.44399980519903703
-3.4257110864960056
-0.15544015808736922
1.9724804948009294
-5.522942884733139
1.853009356201866
3.778101273267165
-0.11282757687545897
1.365515457755287
-0.9409638649969723
0.3966848585261573
1.8720879589321309
-2.5760903090063993
1.6221690774531992
-2.153565981867378
-0.8274907114543826
2.885957691820277
4.240948278368575
-0.38159523845936794
-3.4826127176012767
3.743136120374788
-1.171631771038884
-2.1760485046451388
-1.1456214840965764
1.9603983850567643
-0.6119843122611512
4.841616294606078
3.521621523937875
-1.1193231668334893
1.9711823480592374
-1.09169518668627
0.352996575694835
-0.5348966554429326
-1.9090928641283154
1.7189006920625705
-2.0110534961804922
-0.8870706985799863
-0.5009157162852462
-2.061015094992623
-3.0039536438945844
-3.5143627836469964
3.4580980919895086
4.899036646535999
-2.3451515444834286
2.3055007755409473
-2.6079298912744466
-2.8203415848873368
-5.426970247637845
-1.5977795218030653
-0.09677595313295706
-5.412916569824101
0.206878142588937
2.2883490292209574
2.78093960172229
-3.85277247842238
-2.11547621417426
4.6171039850029265
-1.166483571356631
-0.532352462495755
-1.5890611296329733
-3.598203399300825
-1.5094180505879182
1.4550802553753441
1.069513747016372
0.2573155754493175
-1.5700040812729732
0.4158416563563896
3.1555454163136796
0.38781735068112644
-1.1883975495829224
-1.926215255988401
-1.7380954948855878
-2.0565458376970995
0.04674852222200676
-0.5175376869405941
-2.4329839354508698
-3.1307962633978113
3.0646554199730995
-4.697265879678418
-5.052298629600917
-2.254037174015438
-2.7213780725265253
1.6176454211884104
2.9697064417179213
2.0824959450657916
3.274546016845718
4.136224213282762
1.6850016075721967
2.8807812735807268
3.7506880554780357
2.2360962871214483
-2.2328540452069756
-3.507051933923066
2.556022343009388
-4.890883748773035
2.6461663560258586
-0.7126867448248744
-3.178929280073823
-1.708682442365649
0.33731596461363944
-3.148445825570512
0.17237840018262607
-4.830981287936372
0.17394630362543584
-2.7691116905548188
-1.9566547366803775
3.8981177149477633
0.9412050275583279
-4.288816783386158
-2.2090154867315253
-2.8840664625728514
2.4468623973024837
1.7925898344370268
-2.871313806495838
-2.1510004997478425
0.6214363299511354
-2.4420454741157442
-2.6498549148979764
1.8072486252999262
0.09974311007866876
-0.41686762793377397
-0.44872176310552137
0.4800786858412782
-0.01696224025469162
-3.702473292853928
0.053963914572114025
-2.7221107920170144
-0.9881006745078473
-1.6849934013450334
-3.0542798369777353
-0.04998733109737419
1.8258950803716896
-0.9868095669391053
1.299529765433413
0.743380348770381
3.024745974057941
5.032530304170872
-1.0019128807159612
1.0854988939210861
0.7384934408462143
-3.6054944344453235
0.8010067562934624
-1.4278014522342066
0.2806563633567165
-0.14486060005990353
3.017834931519654
2.906519116537548
3.0077463229889245
-4.249194323975857
1.9305142005333937
-3.475512182662821
2.4605221061892832
-3.926022662575191
-2.956625137253583
0.24932838665381651
3.3578632852657027
2.044043316122761
-1.1762059604748953
2.181533809603597
-2.488263708547622
-0.9969796074285129
-5.705785232212527
-1.8615797596088806
0.8154895211763586
2.339531001488955
1.8995668523005371
1.0921106547239472
-4.16670864962982
1.594662793029471
1.485426401545003
3.4627163527097196
4.3601859632529765
0.13695513761319522
0.6531219511625266
3.0225156790710663
-1.024203641489594
-0.3572804162929488
2.7877882491166512
-0.791643781768375
2.8613182708208313
3.9313559893370984
0.8661816822288761
-0.8103107225107735
3.2170671801654134
0.39108826040843137
-3.051246428338665
-1.889554110046088
2.302771420255673
4.563279599282303
4.240601646260716
2.564411128853501
-2.041295677407014
1.4387100842326759
-0.7342844263633121
4.7902784517278985
-2.3973049989026944
-2.8166881240706942
1.7263015281953662
3.4241615004607486
2.52598262417478
2.3467401033698607
0.4334975167533648
-0.8715123752024392
1.1951790176324122
2.306265876190365
-1.356003603101577
0.023192533951957195
-2.1177416050618865
1.5006244181118464
-0.24285916364672322
-1.551480668534322
-0.8265117953175309
-0.04416257552301173
0.7548574222479139
0.03935247582608148
-2.8718177764804134
1.9465397246653178
-3.7407267692586466
-1.5354727615935724
2.3776675962958214
2.8390473431775707
2.3615690939717267
1.589199766683381
3.927268807026521
-2.3187726845564876
2.6046618563999178
-2.793428347321083
-4.347407392691576
0.8175074969530398
-0.4406054365903289
-2.117395089426347
-0.8570208582088319
0.2273517751696026
4.425882242972284
2.857467428583435
-2.596560850925341
-0.7837045363354151
2.2355433467582837
0.3915830686735249
-2.3332576020091724
-1.9157489827081622
2.076681767897557
-2.01560779240035
2.171243844740684
-2.1990811580814356
-0.6735662243860003
-2.369149954655302
-0.18194017988702194
1.830325780322663
-1.9021481821110426
0.009623859888285624
-4.004820345948244
0.74101350474743
-3.705421282816176
1.8413491204830936
4.08071255823673
-0.41624645187044806
0.5287008305874552
-2.0079922014767444
-0.9959518552729725
-3.9340457992142275
4.459452383553677
-0.49455211432711077
1.2964564962170633
-4.814364470997628
-2.792027315882596
-1.1467346305597041
-3.681530890412213
3.2362586937032303
3.1812215537518025
2.9493075695519764
-1.5356405893968363
1.201373663310417
-1.996767107458767
1.4630789802815105
-0.6417193572578002
-2.1382636432356366
-0.07009202198999787
0.5947493140652482
1.1554922441207454
-0.6610787573160029
-1.3014066804659856
-2.2911203837406435
-1.9433608423701987
-1.2180760853708164
-2.82520626692811
0.7361435355713972
-2.24990792072518
-2.8680964474582664
-0.4126761470853928
-0.6719407804729505
-1.3354238114028394
-3.7643803585959317
-0.2046981428952177
-1.2879252774130334
-2.2003321055658756
-2.1219885998702086
2.7041221386373886
4.028741568165607
-3.42298339206538
0.6578706935115639
2.2273482836399046
1.4484793892601076
0.08968082986582382
2.9657014068798886
-4.591454675593515
-0.4184814192346371
-0.5766401330107973
2.999557515408236
4.475465551266309
3.5761552440620474
1.1344436348169618
0.09581486000912776
3.7011746235837633
-3.6766837741214076
2.7119907878903673
5.4611462263130095
-3.3476093139844876
0.5903758796151553
-2.4456925242069047
-2.8771730487673777
0.35497496461221667
-3.979403614144838
0.036504760449584284
-2.5996838761876138
0.30307601489789815
-1.8551610090197037
-1.6424138405013322
-2.1889154658528316
2.65827055751179
-3.2155864300769186
2.4180539938374954
-0.6532128263347652
1.3943768926273747
-2.3130045002323207
-1.966776884017554
-0.20629347980380586
-2.095025414945124
0.7741302323823087
-1.2647153347552111
-3.3348499066297443
-4.139353567321606
2.010339090079173
0.7587821390228484
-2.193674576873392
4.668160566572647
2.9194589016604056
0.46006390129902686
1.2872118249701097
-3.996071977269974
0.18563131312183145
-4.126581549293697
-1.139172697907485
2.777095299904732
-0.5507525097146955
-1.6262031300160489
5.272095522868171
-1.6472743910952494
-1.9333255324296046
-3.619849395365689
3.1017173223237666
-4.472636653815662
-3.096209207848146
1.219451619288987
3.4322396974746634
3.3966935715194078
-2.238564086334361
-2.0881906634405594
-0.46339339753823694
1.7762995780879067
-0.9937291848524783
2.6495789756002353
0.7899147765521777
2.486560413114665
-0.9725721048035281
-3.242892623195088
-1.0372762157305677
5.06476050947931
2.164792130304244
-3.508449958714925
-1.0744395444389925
3.0747908365652146
2.0456651218384985
-0.13137005789560785
-2.6820736218702823
1.754284374491157
1.1772921039363493
-1.2146956005845804
-1.6108264093939038
2.8743022253067325
0.6967017487596707
-3.8909522725959262
-3.9804557599894723
2.8277289113216217
-3.1373891008958372
-2.389663026353004
-3.5247713591046432
-3.016045096760958
0.4700408787184791
-0.28309747005797314
2.1164808394340744
2.0302819332906656
2.482843030914353
0.5600246637990511
0.5342106985802839
-1.8871642023402628
2.4923981514146707
-3.1288563010718287
-2.34329452131698
3.155281264791488
5.567640235832595
1.0934244200055474
1.7189557304151277
1.6986503556706605
3.134815935820347
1.3311092398619344
0.035659188407466624
-3.3559414562941594
-0.28826661019672795
-1.660915629129806
-3.9533769213464156
1.004594003396326
-1.2450837690984013
1.9631301237577994
-4.191066920284596
2.4424041106411463
-2.513071374870759
3.132489964440027
0.772833288650234
1.947019822530957
1.8344653104649844
1.9870721616162175
-0.2504143323874337
2.686121380438909
0.6572988314788701
1.9198683680515392
1.3223168719643357
-1.1012068159691384
3.2415460057195107
-3.2471930614086757
-3.1896566259758785
0.7348575012130021
-1.3856097459470582
0.5611639547003318
-4.017941940071781
0.2282035401655178
1.0246115765515558
3.1485576046388553
3.0763191280111433
-0.8124683695974977
-3.6385546781060576
0.04269479333486914
1.7786345243309134
-2.5599414022648097
0.6944062445876313
-5.305999359665751
3.5594188513631675
-0.633053738501085
-0.08750192851120575
-1.366473135578467
-2.042311971892412
0.21764789155249442
1.092135409886984
3.3016490856981684
-1.1690612886219416
2.4259259675299853
3.4196370235791367
-3.25585112702983
0.2484662591760225
3.4372532430738234
-2.006586685462655
3.509338807435535
3.700031031985927
2.6792333268319357
-0.524914405461981
3.7390835398756477
-1.6651725961168833
2.3195892999340955
2.965354136514626
-2.6941967298799643
3.665350500227037
-0.37165677918884144
-3.1736371158848593
1.4593435132618837
4.154034577606637
-2.286578506572485
-2.8985721891148
0.9038902308586829
-1.9735311640022333
-2.1119243276919195
0.32576059345606945
-2.2955651839328173
0.4240300496846472
-0.32534591930823686
2.0434379083431717
-2.7838922074381722
-2.594914780326091
-0.7723248619636622
-0.629190706065542
1.1476613515619452
4.963912600388849
-0.43701356471167596
-1.146312331362613
-0.8196092895822737
-2.337092477938606
3.5196681656145827
4.22693003239786
-1.147102090099125
-2.485962415180455
-1.0393310252866852
3.3558203136777998
1.793678413804898
-3.1504586334833817
3.714318513678347
2.2756739059563964
-0.2569703982008078
0.9345262970350168
1.305527702512772
-0.4701279609761606
-0.5451652545027716
-1.5447858742862515
0.08404390853708055
0.3847412789399649
-2.578227574029131
-2.7829416737355688
0.11401587528988788
-0.3801159848493816
3.068389603911595
-0.23582168449543417
-1.1310262889809566
-0.9631501366651627
-2.363107133540179
1.6614137527223478
2.1742795578438745
-0.11714366603097437
2.791465448117807
0.4606896447981945
0.032983099967117235
5.937725352067362
-1.9977479580550686
3.673315285638233
-0.3132654053566897
-2.9274873411950857
-0.7629475427323698
-3.2377211280047207
1.6425827350956674
-3.352677501765329
-3.887590292984707
-0.6860804520702104
-3.0188033713193274
-0.3766182837517711
2.9308314322306375
2.9388699202231843
2.6134591300483296
-3.8485360240285167
1.1902890121868732
-1.864247495257513
2.689024677601131
4.218587272977059
-3.15613903071333
0.4217173121688087
-2.210086277301019
-2.0984073273333976
-0.10693141808942941
3.769999508891848
-0.0855714949478088
2.6418850864899888
1.1309642421596218
-1.8338108007604619
-0.8370554364978187
5.172026573453534
-1.2449506214007362
3.988895354871923
-2.7255012780507593
-3.127916616068303
2.9643355492564956
-2.8782652731138985
-1.7279982504688391
3.4439143113045048
3.4848157525498262
0.8375557548144525
0.6438128163001295
-1.5089704707689173
3.7444729811512554
2.243587353682316
-4.892382043270844
-1.1946862900016384
1.9552437467548665
-3.536694272112989
1.4850771581582194
2.4224303839120203
-2.14626461540551
2.492920646893768
2.343530715196326
2.1698071734187723
2.4826065777929562
1.925118822977042
2.16557975885201
-2.6616007821611385
-0.38095589670296026
3.4209470179830306
-1.7342889198666112
0.842012255994774
1.1507633538231736
-3.4086972906932873
3.5557084250355864
-4.705736934269316
-2.112094066071571
-1.1729982877863256
3.4314297554990114
3.1827296311750946
-3.762424015347583
-0.6166611874820493
-3.558312896164677
1.176407811947496
1.7021016694297126
-2.842535774341383
-0.33005155000310316
-2.70663279368814
-2.2158745527329007
3.563670171619937
-2.6835828797615218
-0.846472161790909
-3.4915551854794993
3.1444525048948306
3.048764323198876
3.2915604147105
4.983798312126932
-3.2075018677092606
2.5992866576959113
-0.9830676651608448
-3.980027267135466
1.9145775716746685
3.1709866983367903
-3.2555939814070385
-0.0030104758767568462
-3.400379630922767
3.4093655934089675
1.9419829434778366
3.78211185967639
2.045880418389882
0.36354651863834087
4.521552836450071
-1.8810726200343293
-0.9472163867214487
-1.68882636151669
-0.253437982052678
4.1623938746209665
-1.0213550074675024
-1.6066592708753942
-4.732073835397747
-1.5617972421819826
-3.242652012869409
1.6555685179257318
-1.1405074692109631
-4.46954325711379
-2.2592073708047744
-4.113450875575971
0.5680275295181905
-4.820516009411116
2.0072031491194027
0.6508178771079016
-1.5723814529551001
0.07075859402561879
3.6743891015287176
2.7757050975696913
-0.4439234727193204
4.378788763911025
-0.7739188790614282
0.20365889144539717
-0.07321573785703328
-0.0498887696537369
0.905847831998714
-2.418841249861428
2.801986141129862
2.8652138339802784
3.843859124659552
3.3299574191794044
-1.5746669989999642
-0.8067258541592635
-1.1930038438116248
2.1206523467207274
0.7701845405344279
1.120058625580086
-4.825196108673965
-2.7729611579890534
4.973608319631656
0.5615364285288698
3.8331935556765178
2.815902312615827
2.6539038327273947
-1.795446542101721
-3.383686832848796
-2.1642441089182496
-2.600225431083044
-2.4349381523566453
-2.3995879873207144
-1.3415725473221523
4.702031800145983
4.994255697285427
-2.7680755608867105
1.543195756809595
0.43324371494007874
3.3118631449961446
0.9663102235877554
1.1577885206377159
1.4566048742613436
4.863063381155319
4.421078650981606
3.198218538486022
-3.2779435411870854
0.9341546899426583
-0.19484119194906047
3.1754722392540327
-3.3195440128847657
2.195041465247556
-2.7716233094689873
-2.674609361032632
-0.21940499211120046
-3.8169773471656976
3.045486792566229
-0.6213458430844145
-3.019407091661995
2.0370846115413483
2.6738556206119855
-1.0629960757335035
-0.4897049477479851
1.2304795154552612
1.0182406323726219
-0.7393412442313039
2.7147401020771165
-0.3790467307113832
-7.02405174057743
-2.7834245130816213
4.684579923486898
-2.790205445275916
3.9481013034134804
-2.5276583501470187
3.3474286065545424
-0.9858378236096388
2.8992552542329846
1.9800823118176136
-7.180739009124984
-2.121170322623475
3.2818290234234473
1.415155988712071
-1.1605483261383354
3.792705199510354
-1.9725359285264277
-4.844810875437314
1.0684722207107673
2.006091394552884
3.6440369814508355
-3.4151760163978833
-1.3860247324666664
1.1895697369579314
-0.7478695226132672
-3.4383665330056083
-2.670521192942557
-3.11514435854582
-4.003526758484942
0.43725905848365754
3.281906691762667
4.91700903131701
2.623785148467735
-2.6022423311451712
-4.390945895104469
0.5065217156444901
0.6123140289943252
-1.2204330075548744
-0.5963086715739665
-0.6557721558692597
-1.6749325165250413
-0.4758026704784457
-0.28366434705251664
-3.793601210943949
-0.3415453138109732
0.6455501412828757
0.3884211431916147
-1.3173795786616163
0.3886079100273603
-0.03517128500703337
-0.2712142510435527
-3.1215334392558747
1.626934174921405
2.955850848237617
-0.5537289111353767
-1.2582369892988499
0.09515590475159241
-1.7432089050565758
-2.003031313555079
2.02338412676053
-1.1577797966340322
3.2899206605198534
-0.45862722571950765
2.7517235683399406
2.494671291773194
0.032953799894519076
0.6794480254917248
-2.0899737595250554
-0.932978354177767
3.920010340010319
2.5268846665118048
-0.8976620759513196
-3.5584902982916855
2.310116171644996
-0.7940919293516797
-1.9472187826903764
3.829716322805881
-2.0063990883510217
1.1170973488949278
3.6820327527989276
-0.026302383629844606
-1.7971161340148927
2.787299416740206
-3.5035202157389724
-1.1840024152810122
-3.093300950042875
0.23634222009289285
-4.648567251437806
-1.5880265521337158
-2.944842804707678
-1.4646510984352732
-0.3144756228920089
-3.0722706974191523
2.994126794547652
-0.8640835807059917
2.6321008318116563
-0.8081771862950526
0.18377186741859597
-1.7617318965421727
1.7203352607522426
3.6033149073549637
1.2713779811669275
-4.769359835629121
2.0523227021892914
3.6770918240361987
3.131995660261562
2.3490527836685153
1.7625092842765673
-2.216159003949624
-4.817316423130265
-0.1288862622446847
-1.166512851944399
0.7803806006074914
1.33072679362443
1.406349271353111
-0.42656567026642733
4.442382768951395
2.6371189377351203
1.492746186252239
-1.719272405134932
2.547903064762413
1.186518146695762
3.4058840822258194
-1.7407250051348886
4.43750808437321
-3.8901149716075194
-0.3729561447825547
3.377966894749632
3.474346569514682
3.977264518999961
1.4464689786117855
1.768882955099451
0.9699121908543096
2.4439884846410167
-5.100282082107122
-4.0344291021763246
-1.0522883987216625
-2.8147955770374646
0.941304108511307
-3.3625622605786303
-1.802497244356156
-0.23536447599831556
3.10818623993665
0.4084875776466319
0.07042840442919784
-3.761966950579219
-3.1053329383320207
3.153008341689396
-6.750996466037637
2.339792600633003
-3.505863144348974
3.1381111407118807
-3.723856050345776
2.5888061014624273
-2.5004562921912115
2.4931305797780814
-1.9727103907447805
1.117884164077087
2.4445130104804047
3.12710699041595
2.9962003877607573
-0.9798619140285454
1.6142305547101583
1.295319616234919
0.9137607857307617
0.011999008228438912
2.6705715470955558
-5.7449874149451094
0.17221548479711202
-0.10720069956611811
4.71423658950472
1.0480365230834885
-1.1045305388396085
2.270998090122929
-2.1309591368078555
-2.287579544398737
1.8268023385364527
2.9981700545200893
4.93803135249172
-1.1860627034192117
-3.2807554373219023
4.142143586839307
0.1984216008425499
-4.067745989176348
4.109197734799609
-3.093886567203847
1.6372420414389817
-1.7756341579331416
0.7992481418451494
3.380457433808444
-1.299484660040881
-3.378523171269002
-1.8659779990393799
-0.7277923086993319
-1.4699700022457503
-1.5955131832210623
4.385538250677463
1.2008584390908483
-0.20139473812909525
3.5111459333619366
4.29785526431836
6.0959889989014036
2.703546673497905
-3.435956384662311
2.2858518069881946
3.75941509850622
-0.6849257960230639
0.7660627660448152
-2.4294256852866414
3.298513780655145
2.18570477465366
1.7793343146076281
2.333295890824216
-3.6258686486224265
-2.8627983158149255
-3.679903145154122
2.1456263253111274
