-1.9557421293278212
-2.7102584026681638
2.06267993982123
1.0724043965470893
0.9078195368813866
2.6468297865945747
-0.9358287794326154
1.4514919318567385
2.386456181933525
0.7279523735294184
1.2602089512865142
2.213583217441294
-4.679972947538253
-3.4252039616730476
-4.408975963206449
-3.825589202987655
3.450628175122586
-5.76035921988861
2.1550162348608124
-0.8206411540245195
2.229035322338944
4.141380936791559
-0.46221837406440525
0.8523891430272663
1.5956492538668348
-0.8197647097157339
-5.357760627573802
-3.5122624662454305
1.3439278103138506
2.2896487324080237
3.254648775980046
0.5551611225914761
-0.3256307498995574
5.731034486674585
0.5234748484049252
-3.1056148978763813
0.16143058450425807
2.2884508035168434
-1.7710271737229417
2.764628136957759
-2.470922146679399
-1.8690499533914626
-5.61021824309679
4.644051983942557
0.9646302995754219
3.026615872036399
-0.5677199350402677
-2.2001935936988275
5.587190097131846
1.612934577693039
-2.7963729075430175
2.902104441916381
-0.01745953032490144
-4.90590653640729
2.300833294475872
5.189661545873611
-0.5436628292846049
-2.6202499759540485
-3.714129293863956
-0.27379684820896744
-1.625977740524363
-0.24805518690057915
-1.7519358301507566
-1.3013188033836467
-1.9358838548640829
-2.9454733299008495
-0.8379047656224412
-1.6092201277275637
-6.390920604857925
2.184814279916818
2.1418696412175313
-1.0907698822005785
3.071903352880494
3.8252062820361368
4.089722522622405
2.066713019155219
3.2565485791958158
-1.988656071295546
-3.67954013383452
-3.914843868956881
-3.7848668706008795
1.0890681304068943
-5.359080327957285
-4.716587723125927
0.9828730070737084
-0.5760779067707504
0.7815409734701573
5.411703558932488
3.1208358983873756
2.1561700610960575
-0.7260256483761951
6.252454010846723
-1.5099703939638465
-4.992532173501976
0.8859738749645345
-2.7945719617945874
4.586249704590189
3.2461092676605077
-2.760227274275627
-2.289846343668099
3.4876471318906455
-0.25547467544266
2.404683041771394
-1.0628015534636421
3.2321284160021944
-1.608883354129573
-0.8985859845522979
4.928045624071935
0.1569100001375785
-1.6214060574160356
-1.9604476272314209
2.0734592915682306
3.0528933065929467
1.665375169173325
2.3973060139250055
1.4683069903974488
1.316063758816221
-4.117899319353424
1.5583663343973342
2.6021285465115627
4.5956269477261555
-1.3929380528103055
0.37463124602386877
-0.5716524521581461
-1.22562042253011
-3.030295788202249
-1.0249542530440712
-5.788424821003505
-6.569555123417592
0.47668229729830136
-1.963806928224591
3.239200107922649
-0.4906602469130177
0.751693461951572
-4.421718104123147
0.2614308419853253
3.018307288374289
-2.053914625941678
4.674996745982814
1.8479233767824605
1.2787780857840383
-4.753640506915122
-0.447213963509554
0.36532083543145255
-0.9480267114894012
-2.2050931411123997
5.130243271546392
-1.5486479031159175
0.2588242364742499
2.106563605097924
-2.3127140150585417
-3.6973125554454063
-0.07552509731440393
2.8149085384473564
-3.8873166856885053
-0.2710442528993595
4.973514965402893
-2.2704762773153986
1.0338506819509323
0.6583939926056108
4.8538937184953985
3.494461005824819
-1.8987713506520398
-1.7466271492402055
0.38166978938202
-1.9228290335235465
-0.3612154326852728
-1.9881205028374358
2.9642306436339627
3.018115657450134
-2.1235851937811683
-1.917603632931377
4.201997701152355
-2.0040321495334483
1.168651368664128
1.3359904739796535
2.2049530335293097
0.14335608867314087
2.314808800410354
-0.3698140054841439
-2.42167494204027
1.1561784238248518
0.06459996639071797
3.7897532472256588
0.1882298989149198
4.587085578350948
0.5257505646148102
6.3877623815997495
1.5722878663402164
-4.439714082995863
1.775768277897366
-4.638569336441023
-1.197643191547413
0.5752476548145511
0.5092447295382978
2.331589126780891
3.1334727781998675
-4.842827446565936
-4.1272476849802295
-3.354325472420326
2.1861345361881277
1.2540477704535333
-1.11471615814669
1.5146817796213448
-2.4411430274723322
-1.2337630025885973
4.789305051038433
4.616222316705221
0.9215119128251652
-3.4972356597247645
5.596861991835592
1.9231073815308817
1.0403640262723293
0.4872400925980349
-3.2402502633769865
5.199069525363187
5.301480074906834
-1.0090865862920573
-1.8160640134023218
0.17328513130964485
-2.877217599416255
6.4891984397634515
3.230097052007042
-2.1913282353218992
3.3541361249896173
-1.9259276795512488
-1.3414722430533197
2.3497632866007887
0.9005130770744127
-1.1516769782576748
4.39268071222256
-0.5123876620273964
-0.004988740755146992
-0.010437166478555637
-6.6425545443036444
-0.2704171822753747
-1.0779822714875589
2.771790628623918
-5.455033151311815
-1.173706147898789
-2.287400510443302
1.8236673744726757
-3.465936771275675
1.5510492212421816
-1.563932760547861
2.2374206565813557
2.2735737494316592
-2.8548825603949473
-2.208470972528275
-2.1376347778156433
-1.0981242653864642
2.101911187504674
-3.5319895147846774
4.549234195151834
4.8672999713851715
0.3086226660298592
2.221565925999564
1.1891296439598942
3.8006334700208138
-1.2876757062450206
-2.1382442106351087
-0.9410960852208377
-1.2848405239473542
1.4945548746365727
4.042418627842
2.629438093039326
-3.683320326154421
-4.177020627715737
0.4127435126113741
1.0702926696108983
-0.3948606237926018
-5.010376716902442
-0.8575573029201813
-1.5053559492029112
1.3138578744912062
-0.20180672896472118
-1.4687899121797434
3.53043102113802
-3.6041384573006967
-3.4065785359517253
2.691350641822174
-0.06196261448925022
-2.595025192927491
-1.5105668397692402
2.0464574749546443
-6.7089173635828745
-3.959621325016329
-0.8182956443441589
-3.1481791920977864
1.8348539962805703
3.5638289327350092
-0.9449055245861844
1.7620310625343334
1.3274249374313885
-0.1711807718930718
1.3437221191059325
-1.0527249693404213
-0.9953236730510517
-1.7298934567411948
-5.799813821002598
3.8549390469138465
1.9927741534002281
2.450396185809181
-0.004963161308064068
-2.354356177752714
0.8098489754356011
2.428693613565839
-2.619329717493568
5.6638894482532764
5.4196385475682
-1.1634330523007108
-5.928305263756348
1.3484769596029567
3.1636374479100913
1.396979881380783
2.203043903306935
0.3351119229913635
-1.467865873537229
-0.16108477367615515
0.41315941329919004
-5.380665464473649
0.7310387918099381
-3.780602152121002
-2.8360604183828007
-3.634024454943469
0.20148222812402272
-7.322615531752454
0.4609469316657375
5.450931577115694
-4.560952713389387
-2.746187779320353
-2.0527706996827875
-0.5714255095988416
1.966380943833804
-3.4558913821322648
1.4167719716973424
-2.982317527523388
-2.5961346572299018
-1.489703467594071
1.6519577052443244
-1.2282929972308139
-3.2523721124680005
3.284384867216778
2.6909619265794418
0.6606782242750104
0.6672935547406311
6.109739072791945
2.3026408725909846
0.29581492707381196
1.8836413794074667
0.657415209617402
-1.372155327257716
-2.252117117132678
-4.648712970691996
3.4613996476012696
-3.7786703596990687
2.644822323444263
-1.9478852275894025
0.3878439550839152
-3.1069627529550923
0.11115269384199
-4.009816498768854
-3.5502891983847054
-4.297379055702263
-1.5408967983551178
0.2355630422687096
1.5749751213003789
-3.0839951549272406
1.158222428978406
4.557623561490258
-2.3443087855983284
5.00914254597754
-0.11173185217703963
2.869345267693704
2.120447277917472
-4.449767010893818
1.952679984918379
-0.29013569734939315
0.6161816502943
-1.4502708284876824
-0.736799331575213
-0.714811280374561
-1.3333802030809192
1.572919020044508
-3.1644886477427208
5.124911624332901
-0.7714214286886001
4.04805314475953
-0.5700730321880345
1.1182115028726776
-0.23326446544462676
-4.448487530013114
-0.1658457558776596
-2.787655964212068
-1.2422776932673416
-3.624502045811813
-0.21132269692526795
-4.390542732301533
2.130930181957969
3.367941448181102
6.270400147872271
-2.155851846095196
1.079686625702072
3.7750173877836706
-2.5783629081520107
1.1630616539321232
-2.6018892580619553
1.6943517787458757
-3.9335650174211674
0.07999198703011356
-3.096236589886627
3.5512292004816297
-3.3125979405168744
0.3358756796193272
2.617151947754776
-4.838237568860704
1.359495179815619
-4.815348816251866
-3.9420321098949813
-3.909110076059517
-0.6036896196898847
4.499101751793856
1.5656233936210129
-3.979614200043156
1.6758650529901793
2.2502437706662883
-2.693159057603843
-1.8655426935167088
-1.4123571084388873
-2.0136072016952733
6.304287632201351
-0.3227535801695811
3.801738568508254
-0.4418925234409288
0.9609498359866555
3.697027968999774
-3.393453781623411
0.888965671199881
3.930621441178894
1.2105981812178523
2.8720756967461853
6.731567711821543
-0.6277058781644207
-3.6393116481806356
-0.16819935456653679
-0.28171841000076325
-1.985331441034692
-2.815567794171547
-2.6731030148563963
5.805202990977426
1.4875212336200145
-0.1759426981835377
2.2089272168847947
-1.7739768288383855
2.6340400205663377
4.4101724685169525
1.238095810844283
-3.19025983080049
-2.4294258010043013
-1.632081038977708
6.789770519867634
2.2965818547555723
-4.608078259920318
-5.340237758445303
4.588160223219315
3.44461775882277
-0.30475851040734425
0.9491794401046996
-1.3891382801793912
-0.3893538127920284
0.08364706789344267
3.1322232593349577
2.607081655029118
2.263988295088046
-0.3335752036028339
-1.8065875155175173
-1.1731367702723816
0.9669710583436875
1.2977418353768864
-3.213435004274922
2.4662936622983365
-3.8172224264347268
-1.0517470416972574
0.4889366339683019
-1.8662533067549487
7.664354802509443
4.543230569038396
3.9396393110920784
2.2825170338273884
2.0345448600171023
-5.585448583316207
-2.2249408651686915
1.9663851367648701
1.3361503882110406
-1.1143986807158188
-5.061337058270022
-0.11892533034018493
1.5802807067113023
-1.8634138859523095
4.8925403854746
3.990429548502444
-2.349510693765324
3.857199590046805
3.168997200621769
0.012975248278802587
3.1675239367740406
2.4832375699629337
-0.8934419790711823
-2.9835179816532715
-2.701358807095491
1.3921261530160725
-0.763486837191685
3.186034239731739
-2.8458031481090087
1.9612970181526512
-4.536935711203145
-0.162661894908259
1.1028833757446743
0.8936000916508628
4.049551510946111
-2.834565054263904
-1.264363920000115
1.386031212869697
-0.4737657085978104
3.6193855740944274
2.1556112785506203
3.0318116429315918
0.870240832675151
-0.10404924970687901
5.615120886402204
0.06994971150821505
-5.437638537659971
2.345797463726246
4.159311524047072
3.6452390556051997
3.9342646392834864
4.604598190813032
3.9963607525396085
1.8777345982027893
0.23483332206858454
-3.305526583281416
3.692663785818139
1.2044817146894766
2.3364393031146875
-1.9980830689980433
1.215227746604457
0.2963655086229129
-0.2997177567414522
0.7058887610557982
-3.9114690641599097
-3.1267222360051163
-1.5130544036359532
-1.0223685480408247
4.769743788904103
0.5833262195210418
0.07928076070451917
-2.172072829828665
-2.3304958799770557
4.124609751049055
1.5053650298153645
-3.1773663875333398
-2.4445902470789367
-2.187874942595487
-0.9420302762872408
3.6174849218716565
-2.632907477223795
0.7315629847344429
-3.5396440291184375
2.859189920538625
-3.3977026649076487
2.662427806641973
-2.965128838606433
-1.9142204147915045
2.9621033679132323
-4.873563392458339
4.380187457452559
1.8615295921060944
3.451934795090428
-4.999754512023559
-0.5818592125318032
-0.9205836041692195
3.920642059759963
-0.44436677240693623
0.4873978721836294
6.386833927602937
1.1679251731884361
-4.208372002472276
-2.5786395863130482
4.3641321356867255
0.18197657488154673
-1.6718806194955638
0.8879704526208334
-0.1890117721218476
0.5918292286188453
-1.20882920659336
-3.957121712334721
-2.017156038153014
-1.3299311502507514
-1.4698583975425747
4.777771771663371
3.1998128264444383
-1.4914344201275684
0.6917877248057718
0.13071352924941526
0.7403217261236734
0.8367066519488984
-3.3580722106192145
2.6831921934165486
5.744485941394791
-3.7865645645700257
2.119595618502462
1.835547516649321
2.5647689027965175
4.633744020453601
1.1908975342426915
0.8876818727577882
-2.030804458280315
-0.9308531750209352
-2.3504114211558695
3.7844779051021273
3.0478054087536823
2.3731153900772335
1.5821485924929783
1.9429681057116501
1.5854274956783636
-0.7344672256247073
-1.672090844707539
-1.3127441197881076
5.1667492114069
-2.571082594252493
-3.731794260995448
3.75488819282464
4.01515862308758
0.3849699183378785
2.8319089996502553
-2.8649534975778703
0.5051475128491443
-0.27164960403422844
-0.5463231930090044
2.054750935900238
-3.911679453126026
-2.0989543074701142
-0.1561816015010764
0.1887595762239489
0.6667486721733773
-0.1837106602742833
-2.9062126023763932
2.2644705334680157
-2.2561896800963286
1.7196466566840152
-0.07824865669689296
-0.9964827715952203
0.1345505024360909
-2.2242960485323002
1.35474871062795
-3.5947240879312243
3.4349489307598615
0.5664313966340655
-0.16257618475381141
1.7185879327948475
-2.686910656139518
-0.39198475488636286
1.6365087645375065
-0.6279328044446775
-0.2164726952096503
4.824055807707378
0.5512884875808046
-5.274032325873377
2.5301384101421736
-3.020370795924653
-0.5852707878719989
-4.87045540401501
-3.6883778963450498
2.7429961889937333
2.187892424758024
3.5248734284605527
0.5234673297435584
1.3206539731480875
-2.0746051073640617
1.686805238026057
2.108797862544002
1.4329853558804027
5.70205990746054
0.9025536967409526
2.3229612402594446
3.08373213655902
3.013970820701986
0.016027404236687026
3.1173709137269467
-2.1963916290899044
1.207702474146408
-3.2862857238218988
5.680199346991983
1.7583698663709235
0.8825814578190332
1.7883515306143436
-0.8005556069039577
-1.1082443281618088
1.087667370844563
2.2053430834107326
-2.316050120161788
0.8072081443655716
1.991124331052791
2.5451747811896506
3.97501309501558
-1.394071762279407
-3.8575076813386673
2.3053039275692715
2.255321731940004
3.719626587489233
3.211048224887512
-4.575662871644626
1.505880550384189
0.18566671350263797
-2.5290946885945256
2.8518058500089962
-0.8085602078196197
3.5960669956234614
0.2169445501167535
2.3202738429295198
1.6561898544501577
0.9900867278760608
4.725344074557718
1.1966270308638853
0.21040963506702992
5.866582234878376
1.4538081669312035
-0.2783219964081882
-0.15513972254224262
3.0728582633839543
3.4168661075351365
1.7033864451454461
-3.593950144047045
-5.648477886730997
1.7719437737287886
1.6301588614904323
3.2259774616170995
-1.7367074409216372
3.597578836316999
0.2796224677872945
-2.310622213102455
1.0695410917725392
-2.683911940116695
-1.0047813062973576
-1.4168178304426295
-1.0123141851583355
-2.8382529307066386
-1.7061451047971974
-2.062480309833109
1.8885730510608747
3.8090037647713375
-2.0780557717354586
-0.675393957482711
-1.6224375871214098
1.9377148350910456
-0.7111688767201962
0.8694101708853732
3.448353713825405
-0.9650121376860663
-2.6226104092200133
3.0373111555798973
2.4449013449655785
2.2891822132702204
0.21112985873818002
2.9860184850394864
0.3152377743328545
-0.18794805365414313
-1.1041307115871142
3.2908065228385546
4.64481256097325
-4.774784172933362
-0.8588559244352016
4.5331966335593386
2.4730913504720133
-0.13780726256086462
1.0079465062369166
-4.3279680894825585
2.53913450585173
-1.7039910033876817
5.442613978630044
-1.208898654122973
-5.594891971574908
4.183369849947465
-4.078639280053224
-0.4555427163066199
-1.9044931023879066
2.2119937229418554
-1.1789693828396586
2.836128882565994
-0.07366712829745437
0.8271333357198491
2.4909185518217507
4.826968944341538
2.315715999477397
0.30661111298743515
-0.11068622839440967
-0.8006393466464232
6.850613225587351
3.5917443655207903
4.052047197095994
-1.5208180030270881
3.4761879361034067
3.8827500090922022
-1.2416458422777454
2.2704868787583576
1.42228654469705
-0.7982199137720549
1.3412263158616167
0.3785650807917582
1.9287604543697074
-1.3291524869700444
0.6744006060300785
1.616565712945242
-4.020791115376028
-1.9763481564215528
0.9538026501642174
2.1066584525850107
3.0397016116578346
0.800834715724114
3.1887831350469718
-0.2647626953630431
0.13665015275216041
-1.5855625145318475
-3.5537499568274815
2.295526800547975
-0.1367838980397289
3.683183293501867
1.0917531207674331
0.35290493830878544
-0.9769943188773129
-6.214204327703525
1.5483206113305186
-3.999830289702937
0.5962664171821797
-0.1538753360523637
-4.390085178158254
-3.0539661676338405
-3.014044847075195
-2.1702459607006563
2.2475191490989004
-0.6187983620801352
-3.0162395671721267
4.418705492735429
5.2784884789737525
-0.9628490739019546
3.2276694915921214
2.356794739850664
2.6785292789193393
4.154764254706227
1.8675295742964704
-0.5637588001896026
0.7272754442316074
3.298546064447792
-3.066458047372917
-1.59011405201222
3.576096671165377
3.383159524214336
3.517205403967031
-0.5127947169435076
0.8227147753641497
-3.641520955841905
0.5982463048176754
-2.289913573976282
0.9170883322170635
-1.6846619371868188
1.199363901573232
-2.230353611730835
-0.4751412136227575
4.250279442394115
3.9520922668924676
2.7301753565514035
1.5954072958124623
-1.3428988534328152
3.9826528065182316
-2.465440861872099
2.8315607164388683
0.5510505544590476
-3.7205608564478556
2.7920475289200724
-1.463780693939432
3.858410342037649
2.5461965726042592
0.5092277757158064
-3.465297854882164
-3.3092024763574712
1.4867140416448015
0.6579942611935987
2.2807060469362197
-0.039295940140332775
-3.9223052660630784
-3.752282141651799
-0.34095848129621276
1.0369326998452406
1.0643179719471778
1.6059978289924024
3.3049556439243695
2.863738372321314
-0.7773939694865124
2.7984868879937164
-2.7044057942636566
-1.2682765830244955
-1.1723917045762897
0.5368789063876473
1.9894775109681204
-2.7643190127467094
-4.076239932690861
-1.8141366545563544
1.5918456840304827
-1.6093654071342787
2.5505338400360147
-1.4962675891602981
-1.420777705471389
0.32094832035926446
1.396066419689657
-0.8298943322643713
-2.155706763427565
1.0320317585386152
-2.51776162227923
2.4374250276768894
-3.6606328752698722
1.2071568052812296
-0.8996570293518609
0.2036992363658543
5.392357787602516
-2.778282957267527
0.952598317982658
1.6071941370884506
-1.6208811657497444
0.5779760127439924
1.8178105977798473
1.1113518985486064
1.6877566251571787
-3.1702129260230096
2.431099703261026
4.540583590499921
0.8741070796984849
1.7315442617464738
3.2740709862727684
-1.4722347536724392
3.01222454146598
1.2777959866262538
0.16431414810087475
-1.2041607396993166
-2.9847734038023574
-1.5067866133432897
-4.576873523378304
-2.3196427758492746
1.0233834636108448
-2.9028109723835076
-2.368065609207408
-2.763348914462525
1.3257821528137002
-3.687821409420631
0.5864407969938064
-2.1648832242097784
-1.12605157926812
-0.7246495650299289
3.543945007905645
-3.936334401277687
-3.180337602043249
0.7743925286115729
-1.6529752062839937
2.8570302562654293
0.6469818603802056
-0.8744280577550496
4.253124075283685
0.4598869513613304
2.7476960457426776
4.293631218947567
-3.6489465115726976
0.9986089858385707
-0.4695988221941887
1.6873041720381432
-0.9656906446425095
1.6050859057367077
-1.6798269985566616
-3.6905953153276996
-1.9849691864441859
1.9082888570667436
2.5154892703900575
0.4720479626200613
-2.8103682997615076
2.137781473480776
1.6455708545374979
2.3630219018304155
0.8897840224099163
2.771393514296217
1.6428410347667732
-2.7154309109369876
-3.1883497901719373
3.251882236268945
0.11967026644463274
-3.432295150410805
3.007287306407865
1.391120823571537
-1.8801567396195917
-2.502471476996205
1.8246182797511084
2.260421266003175
-0.7545943214946269
-3.9968274350560193
-3.2856086469619843
1.0247041113223656
-3.644903490762956
-1.6275087599973914
-2.1631436487057996
3.2310462640567446
3.5520175566545618
1.0671336047959539
2.637414264140298
-2.3442935928883832
-2.4355101589729795
-2.8995058642083986
2.374966809765554
1.3831062657564566
-0.11408543718699704
2.8292225272039895
1.56347285766321
-2.5623884986316425
-1.3252061339738956
3.414119861110946
-1.0148642402382526
-1.3729629735051452
4.501860085802084
-1.4676090008007108
3.77184228506482
-3.1837096127478235
0.3630723355576375
-2.5678235780562524
-1.178963517827686
3.7804388498830024
-1.2287820738419986
2.8667321906864416
-1.3497167689243401
-3.0948650146393675
1.8223090001796165
2.3474411941442854
-2.3353416598313603
-0.5216659067492255
3.258292624769814
-0.23669753336548527
4.308288466008567
-2.1205508030571725
3.275266298966984
-1.6122150619304358
-0.8199529003459531
3.4823359855818365
-2.6693931159750566
2.1620790576020736
1.2142385113084124
-0.1449119447010101
-0.841336409573713
0.6136990240478593
3.0241793785257944
0.593631661658856
0.35892611387516693
-3.219122340117667
4.270026122742034
-3.5376003591627345
2.889447462383221
-5.150621173587433
1.1186092912269165
0.4141895980874519
-1.3758406419341247
-3.013928616979193
-2.0539540994403254
-1.389946848414265
1.088355103198566
3.596591148948167
4.319399121312916
0.8172190646422495
-1.089299489691117
2.0457874005003456
-0.05070640446771191
-0.8105433967644711
2.1437719731579357
2.48628992374143
2.213414621507575
-0.4008968421307555
-2.0703499219883175
3.839481919873232
-1.5221434815965136
0.8620487850500935
2.2484595585188187
-4.078053837447256
3.4269208123250454
-1.7664748178716116
-0.27389977176213076
0.720999889213636
-2.4222646359152717
2.379419230923621
1.4732738713718416
-4.82440455783724
0.386707645983825
-3.883070784668483
0.7008295239959326
-2.8330901934700634
-2.682019492536769
-2.6346004870446382
-0.10005244923218681
-3.1444424209639017
-2.655684979265529
-1.7064584341858673
-3.5063252646202407
-2.7592836678563444
-1.5083110840009522
-3.0267182019621712
-3.105990963158746
1.3260419507474053
-3.361401141845538
-3.151957873738593
-2.246638358638985
1.1777309434163667
2.698985937674931
2.924422855162513
-2.904403573861773
1.8054238308015433
4.869362325937721
0.05409996315771348
0.8337467475447999
-2.249564172864596
3.60771428713473
-2.3467751068530056
-1.4040320827755985
-1.721237026704124
2.0748754749897085
-0.6440670036483391
3.633957010141293
-0.3120157461074027
0.9915105367555723
-3.142269459186336
-3.9007677585838296
-0.5739620680312991
2.2821831428693162
-2.1091827361010553
0.6069011866194236
-2.612062979671818
0.6877013261654248
3.286045086735707
2.6445799380799224
2.735959738900493
-3.7744902437322736
1.6327783893442085
3.7911621317014235
-1.684951266563389
-3.904398773542363
0.026127470467246505
-2.2036968678686115
-3.681226026492772
2.148188581833943
2.860244722009194
-0.39278697277060814
-0.23068182882247168
3.117411597744466
3.7001880798539233
-3.4677551790146612
0.790760791579497
0.903038994686264
1.6867315391549584
3.7569743614826283
-2.7464081555040325
-0.08509305721994576
2.6419199903722355
2.7249450259941925
-0.7956292676743351
-1.7199073430024718
3.0358685928914024
0.47831852093288774
1.676970114186025
1.7136094581053278
0.8744244879333272
-0.5944395358071994
3.3987846442193677
0.23773283921055732
-0.6215535032347033
1.6806090155879843
2.4735712049193372
2.087466605807779
0.4124613968856732
-4.784113022732797
1.2123846020776567
-2.6195674645533185
-1.7468856026570787
-3.450818435246158
-0.8833568221633126
0.07204524308540972
-1.0191134052793045
1.1286795942125432
-1.011123365221227
-0.9341071986842975
2.9579304447722023
-2.6758124497396567
2.3433814312105117
-1.883886382521605
3.1679047653644172
-3.316824810242167
-1.6854292786093756
3.691053950619933
1.8178669605134656
2.291521873595096
-1.9884465451265063
-1.1631772290459343
-0.8147861552276316
-0.8573501800048415
-3.9373326560767143
